#Layer_Color=1265191
#
#Feature symbol names
#
$0 r1.9685
$1 r3.937

#
#Feature attribute names
#

#
#Layer features
#
A 4.653937 1.25 4.653937 1.25 4.6 1.25 0 P 0 N
A 4.653937 1.4 4.653937 1.4 4.6 1.4 0 P 0 N
A 8.3404331 1.12 8.3404331 1.12 8.2864961 1.12 0 P 0 N
A 8.8704331 1.12 8.8704331 1.12 8.8164961 1.12 0 P 0 N
A 9.253937 1.12 9.253937 1.12 9.2 1.12 0 P 0 N
A 9.253937 5.48 9.253937 5.48 9.2 5.48 0 P 0 N
L 1.0324803 2.4212598 1.0324803 2.5787401 0 P 0
L 1.0324803 2.4212598 1.2175197 2.4212598 0 P 0
L 1.0324803 2.5787401 1.2175197 2.5787401 0 P 0
L 1.096063 3.146063 1.096063 3.253937 0 P 0
L 1.096063 3.146063 1.308937 3.146063 0 P 0
L 1.096063 3.253937 1.308937 3.253937 0 P 0
L 1.096063 3.346063 1.096063 3.453937 0 P 0
L 1.096063 3.346063 1.308937 3.346063 0 P 0
L 1.096063 3.453937 1.308937 3.453937 0 P 0
L 1.0996063 4.0192914 1.0996063 4.1807087 0 P 0
L 1.0996063 4.0192914 1.3003937 4.0192914 0 P 0
L 1.0996063 4.1807087 1.3003937 4.1807087 0 P 0
L 1.105315 2.5 1.1446851 2.5 1 P 0
L 1.106496 3.6102362 1.106496 3.8897638 0 P 0
L 1.106496 3.6102362 1.5435039 3.6102362 0 P 0
L 1.106496 3.8897638 1.5435039 3.8897638 0 P 0
L 1.125 2.4803149 1.125 2.519685 1 P 0
L 1.1803149 4.1 1.219685 4.1 1 P 0
L 1.180315 3.2 1.219685 3.2 1 P 0
L 1.180315 3.4 1.219685 3.4 1 P 0
L 1.1963779 1.6586614 1.1963779 1.7413386 0 P 0
L 1.1963779 1.6586614 1.243622 1.6586614 0 P 0
L 1.1963779 1.7413386 1.243622 1.7413386 0 P 0
L 1.196378 4.8586614 1.196378 4.9413386 0 P 0
L 1.196378 4.8586614 1.2436221 4.8586614 0 P 0
L 1.196378 4.9413386 1.2436221 4.9413386 0 P 0
L 1.1990157 1.874063 1.1990157 2.131937 0 P 0
L 1.1990157 1.874063 1.4009843 1.874063 0 P 0
L 1.1990157 2.131937 1.4009843 2.131937 0 P 0
L 1.1990157 4.418063 1.1990157 4.675937 0 P 0
L 1.1990157 4.418063 1.4009843 4.418063 0 P 0
L 1.1990157 4.675937 1.4009843 4.675937 0 P 0
L 1.2 3.180315 1.2 3.219685 1 P 0
L 1.2 3.380315 1.2 3.419685 1 P 0
L 1.2 4.080315 1.2 4.1196851 1 P 0
L 1.2012992 1.7 1.2387008 1.7 1 P 0
L 1.2012992 4.9 1.2387008 4.9 1 P 0
L 1.2175197 2.4212598 1.2175197 2.5787401 0 P 0
L 1.22 1.6812992 1.22 1.7187008 1 P 0
L 1.22 4.8812992 1.22 4.9187008 1 P 0
L 1.2377952 2.4212598 1.2377952 2.5787401 0 P 0
L 1.2377952 2.4212598 1.4228346 2.4212598 0 P 0
L 1.2377952 2.5787401 1.4228346 2.5787401 0 P 0
L 1.243622 1.6586614 1.243622 1.7413386 0 P 0
L 1.2436221 4.8586614 1.2436221 4.9413386 0 P 0
L 1.280315 2 1.319685 2 1 P 0
L 1.280315 4.55 1.319685 4.55 1 P 0
L 1.2897638 2.6724409 1.2897638 2.7275591 0 P 0
L 1.2897638 2.6724409 1.427559 2.6724409 0 P 0
L 1.2897638 2.7275591 1.427559 2.7275591 0 P 0
L 1.2897638 2.7474409 1.2897638 2.8025591 0 P 0
L 1.2897638 2.7474409 1.427559 2.7474409 0 P 0
L 1.2897638 2.8025591 1.427559 2.8025591 0 P 0
L 1.2897638 2.8224409 1.2897638 2.8775591 0 P 0
L 1.2897638 2.8224409 1.427559 2.8224409 0 P 0
L 1.2897638 2.8775591 1.427559 2.8775591 0 P 0
L 1.2897638 2.8974409 1.2897638 2.9525591 0 P 0
L 1.2897638 2.8974409 1.427559 2.8974409 0 P 0
L 1.2897638 2.9525591 1.427559 2.9525591 0 P 0
L 1.3 1.980315 1.3 2.019685 1 P 0
L 1.3 4.530315 1.3 4.569685 1 P 0
L 1.3003937 4.0192914 1.3003937 4.1807087 0 P 0
L 1.3053149 3.75 1.344685 3.75 1 P 0
L 1.308937 3.146063 1.308937 3.253937 0 P 0
L 1.308937 3.346063 1.308937 3.453937 0 P 0
L 1.3106299 2.5 1.35 2.5 1 P 0
L 1.325 3.7303149 1.325 3.769685 1 P 0
L 1.3303149 2.4803149 1.3303149 2.519685 1 P 0
L 1.3488189 2.7 1.3685039 2.7 1 P 0
L 1.3488189 2.775 1.3685039 2.775 1 P 0
L 1.3488189 2.85 1.3685039 2.85 1 P 0
L 1.3488189 2.925 1.3685039 2.925 1 P 0
L 1.3586614 2.6901575 1.3586614 2.7098425 1 P 0
L 1.3586614 2.7651575 1.3586614 2.7848425 1 P 0
L 1.3586614 2.8401575 1.3586614 2.8598425 1 P 0
L 1.3586614 2.9151575 1.3586614 2.9348425 1 P 0
L 1.3830708 4.1606299 1.3830708 4.2393701 0 P 0
L 1.3830708 4.1606299 1.5169291 4.1606299 0 P 0
L 1.3830708 4.2393701 1.5169291 4.2393701 0 P 0
L 1.4009843 1.874063 1.4009843 2.131937 0 P 0
L 1.4009843 4.418063 1.4009843 4.675937 0 P 0
L 1.4228346 2.4212598 1.4228346 2.5787401 0 P 0
L 1.427559 2.6724409 1.427559 2.7275591 0 P 0
L 1.427559 2.7474409 1.427559 2.8025591 0 P 0
L 1.427559 2.8224409 1.427559 2.8775591 0 P 0
L 1.427559 2.8974409 1.427559 2.9525591 0 P 0
L 1.4303149 4.2 1.469685 4.2 1 P 0
L 1.4324803 2.4212598 1.4324803 2.5787401 0 P 0
L 1.4324803 2.4212598 1.6175197 2.4212598 0 P 0
L 1.4324803 2.5787401 1.6175197 2.5787401 0 P 0
L 1.4423228 2.676378 1.4423228 2.7236221 0 P 0
L 1.4423228 2.676378 1.525 2.676378 0 P 0
L 1.4423228 2.7236221 1.525 2.7236221 0 P 0
L 1.4423228 2.751378 1.4423228 2.7986221 0 P 0
L 1.4423228 2.751378 1.525 2.751378 0 P 0
L 1.4423228 2.7986221 1.525 2.7986221 0 P 0
L 1.4423228 2.826378 1.4423228 2.8736221 0 P 0
L 1.4423228 2.826378 1.525 2.826378 0 P 0
L 1.4423228 2.8736221 1.525 2.8736221 0 P 0
L 1.4423228 2.901378 1.4423228 2.9486221 0 P 0
L 1.4423228 2.901378 1.525 2.901378 0 P 0
L 1.4423228 2.9486221 1.525 2.9486221 0 P 0
L 1.45 4.180315 1.45 4.219685 1 P 0
L 1.451378 3.3586614 1.451378 3.4413386 0 P 0
L 1.451378 3.3586614 1.4986221 3.3586614 0 P 0
L 1.451378 3.4413386 1.4986221 3.4413386 0 P 0
L 1.4562992 3.4 1.4937008 3.4 1 P 0
L 1.4649606 2.7 1.5023622 2.7 1 P 0
L 1.4649606 2.775 1.5023622 2.775 1 P 0
L 1.4649606 2.85 1.5023622 2.85 1 P 0
L 1.4649606 2.925 1.5023622 2.925 1 P 0
L 1.475 3.3812992 1.475 3.4187008 1 P 0
L 1.4836614 2.6812992 1.4836614 2.7187008 1 P 0
L 1.4836614 2.7562992 1.4836614 2.7937008 1 P 0
L 1.4836614 2.8312992 1.4836614 2.8687008 1 P 0
L 1.4836614 2.9062992 1.4836614 2.9437008 1 P 0
L 1.4986221 3.3586614 1.4986221 3.4413386 0 P 0
L 1.505315 2.5 1.5446851 2.5 1 P 0
L 1.5169291 4.1606299 1.5169291 4.2393701 0 P 0
L 1.525 2.4803149 1.525 2.519685 1 P 0
L 1.525 2.676378 1.525 2.7236221 0 P 0
L 1.525 2.751378 1.525 2.7986221 0 P 0
L 1.525 2.826378 1.525 2.8736221 0 P 0
L 1.525 2.901378 1.525 2.9486221 0 P 0
L 1.5263779 3.3586614 1.5263779 3.4413386 0 P 0
L 1.5263779 3.3586614 1.573622 3.3586614 0 P 0
L 1.5263779 3.4413386 1.573622 3.4413386 0 P 0
L 1.5312992 3.4 1.5687008 3.4 1 P 0
L 1.5435039 3.6102362 1.5435039 3.8897638 0 P 0
L 1.55 3.3812992 1.55 3.4187008 1 P 0
L 1.573622 3.3586614 1.573622 3.4413386 0 P 0
L 1.6175197 2.4212598 1.6175197 2.5787401 0 P 0
L 10.080315 1.9 10.119685 1.9 0 P 0
L 10.080315 2.3 10.119685 2.3 0 P 0
L 10.080315 2.7 10.119685 2.7 0 P 0
L 10.080315 3.1 10.119685 3.1 0 P 0
L 10.080315 3.5 10.119685 3.5 0 P 0
L 10.080315 3.9 10.119685 3.9 0 P 0
L 10.080315 4.3 10.119685 4.3 0 P 0
L 10.080315 4.7 10.119685 4.7 0 P 0
L 10.1 1.880315 10.1 1.919685 0 P 0
L 10.1 2.280315 10.1 2.319685 0 P 0
L 10.1 2.680315 10.1 2.719685 0 P 0
L 10.1 3.080315 10.1 3.119685 0 P 0
L 10.1 3.480315 10.1 3.519685 0 P 0
L 10.1 3.880315 10.1 3.919685 0 P 0
L 10.1 4.280315 10.1 4.319685 0 P 0
L 10.1 4.680315 10.1 4.719685 0 P 0
L 10.3137795 1.8222441 10.3137795 1.9777559 0 P 0
L 10.3137795 2.2222441 10.3137795 2.3777559 0 P 0
L 10.3137795 2.6222441 10.3137795 2.7777559 0 P 0
L 10.3137795 3.0222441 10.3137795 3.1777559 0 P 0
L 10.3137795 3.4222441 10.3137795 3.5777559 0 P 0
L 10.3137795 3.8222441 10.3137795 3.9777559 0 P 0
L 10.3137795 4.2222441 10.3137795 4.3777559 0 P 0
L 10.3137795 4.6222441 10.3137795 4.7777559 0 P 0
L 2.8106299 2.1080709 2.8106299 2.2419292 0 P 0
L 2.8106299 2.1080709 2.8893701 2.1080709 0 P 0
L 2.8106299 2.2419292 2.8893701 2.2419292 0 P 0
L 2.830315 2.175 2.869685 2.175 1 P 0
L 2.85 2.155315 2.85 2.1946851 1 P 0
L 2.8893701 2.1080709 2.8893701 2.2419292 0 P 0
L 3.1096063 1.9592914 3.1096063 2.1207087 0 P 0
L 3.1096063 1.9592914 3.3103937 1.9592914 0 P 0
L 3.1096063 2.1207087 3.3103937 2.1207087 0 P 0
L 3.126378 1.8336614 3.126378 1.9163386 0 P 0
L 3.126378 1.8336614 3.1736221 1.8336614 0 P 0
L 3.126378 1.9163386 3.1736221 1.9163386 0 P 0
L 3.1312992 1.875 3.1687008 1.875 1 P 0
L 3.15 1.8562992 3.15 1.8937008 1 P 0
L 3.1736221 1.8336614 3.1736221 1.9163386 0 P 0
L 3.1903149 2.04 3.229685 2.04 1 P 0
L 3.21 2.020315 3.21 2.0596851 1 P 0
L 3.2513779 1.8336614 3.2513779 1.9163386 0 P 0
L 3.2513779 1.8336614 3.298622 1.8336614 0 P 0
L 3.2513779 1.9163386 3.298622 1.9163386 0 P 0
L 3.2562992 1.875 3.2937008 1.875 1 P 0
L 3.275 1.8562992 3.275 1.8937008 1 P 0
L 3.298622 1.8336614 3.298622 1.9163386 0 P 0
L 3.3103937 1.9592914 3.3103937 2.1207087 0 P 0
L 3.4102362 1.7564961 3.4102362 2.193504 0 P 0
L 3.4102362 1.7564961 3.6897638 1.7564961 0 P 0
L 3.4102362 2.193504 3.6897638 2.193504 0 P 0
L 3.5303149 1.975 3.569685 1.975 1 P 0
L 3.55 1.955315 3.55 1.9946851 1 P 0
L 3.6897638 1.7564961 3.6897638 2.193504 0 P 0
L 3.7206299 1.9130709 3.7206299 2.0469292 0 P 0
L 3.7206299 1.9130709 3.7993701 1.9130709 0 P 0
L 3.7206299 2.0469292 3.7993701 2.0469292 0 P 0
L 3.740315 1.98 3.779685 1.98 1 P 0
L 3.76 1.960315 3.76 1.9996851 1 P 0
L 3.7993701 1.9130709 3.7993701 2.0469292 0 P 0
L 3.9602362 1.7564961 3.9602362 2.193504 0 P 0
L 3.9602362 1.7564961 4.2397638 1.7564961 0 P 0
L 3.9602362 2.193504 4.2397638 2.193504 0 P 0
L 4.0803149 1.975 4.119685 1.975 1 P 0
L 4.1 1.955315 4.1 1.9946851 1 P 0
L 4.2397638 1.7564961 4.2397638 2.193504 0 P 0
L 4.2706299 1.9130709 4.2706299 2.0469292 0 P 0
L 4.2706299 1.9130709 4.3493701 1.9130709 0 P 0
L 4.2706299 2.0469292 4.3493701 2.0469292 0 P 0
L 4.290315 1.98 4.329685 1.98 1 P 0
L 4.31 1.960315 4.31 1.9996851 1 P 0
L 4.3493701 1.9130709 4.3493701 2.0469292 0 P 0
L 4.446063 1.746063 4.446063 1.853937 0 P 0
L 4.446063 1.746063 4.658937 1.746063 0 P 0
L 4.446063 1.853937 4.658937 1.853937 0 P 0
L 4.446063 1.921063 4.446063 2.028937 0 P 0
L 4.446063 1.921063 4.658937 1.921063 0 P 0
L 4.446063 2.028937 4.658937 2.028937 0 P 0
L 4.446063 2.096063 4.446063 2.203937 0 P 0
L 4.446063 2.096063 4.658937 2.096063 0 P 0
L 4.446063 2.203937 4.658937 2.203937 0 P 0
L 4.530315 1.8 4.569685 1.8 1 P 0
L 4.530315 1.975 4.569685 1.975 1 P 0
L 4.530315 2.15 4.569685 2.15 1 P 0
L 4.55 1.780315 4.55 1.819685 1 P 0
L 4.55 1.955315 4.55 1.994685 1 P 0
L 4.55 2.130315 4.55 2.169685 1 P 0
L 4.580315 1.25 4.619685 1.25 1 P 0
L 4.580315 1.25 4.619685 1.25 1 P 0
L 4.580315 1.4 4.619685 1.4 1 P 0
L 4.6 1.230315 4.6 1.269685 1 P 0
L 4.6 1.230315 4.6 1.269685 1 P 0
L 4.6 1.380315 4.6 1.419685 1 P 0
L 4.658937 1.746063 4.658937 1.853937 0 P 0
L 4.658937 1.921063 4.658937 2.028937 0 P 0
L 4.658937 2.096063 4.658937 2.203937 0 P 0
L 5.6586614 1.196378 5.6586614 1.2436221 0 P 0
L 5.6586614 1.196378 5.7413386 1.196378 0 P 0
L 5.6586614 1.2436221 5.7413386 1.2436221 0 P 0
L 5.6586614 5.356378 5.6586614 5.4036221 0 P 0
L 5.6586614 5.356378 5.7413386 5.356378 0 P 0
L 5.6586614 5.4036221 5.7413386 5.4036221 0 P 0
L 5.6812992 1.22 5.7187008 1.22 1 P 0
L 5.6812992 5.38 5.7187008 5.38 1 P 0
L 5.7 1.2012992 5.7 1.2387008 1 P 0
L 5.7 5.3612992 5.7 5.3987008 1 P 0
L 5.7413386 1.196378 5.7413386 1.2436221 0 P 0
L 5.7413386 5.356378 5.7413386 5.4036221 0 P 0
L 7.596063 5.426063 7.596063 5.533937 0 P 0
L 7.596063 5.426063 7.808937 5.426063 0 P 0
L 7.596063 5.533937 7.808937 5.533937 0 P 0
L 7.680315 5.48 7.719685 5.48 1 P 0
L 7.7 5.460315 7.7 5.499685 1 P 0
L 7.808937 5.426063 7.808937 5.533937 0 P 0
L 7.987874 1.3736614 7.987874 1.4563386 0 P 0
L 7.987874 1.3736614 8.0351181 1.3736614 0 P 0
L 7.987874 1.4563386 8.0351181 1.4563386 0 P 0
L 7.9927953 1.415 8.0301969 1.415 1 P 0
L 8.0114961 1.3962992 8.0114961 1.4337008 1 P 0
L 8.0351181 1.3736614 8.0351181 1.4563386 0 P 0
L 8.0478741 1.3736614 8.0478741 1.4563386 0 P 0
L 8.0478741 1.3736614 8.0951182 1.3736614 0 P 0
L 8.0478741 1.4563386 8.0951182 1.4563386 0 P 0
L 8.0527953 1.415 8.0901969 1.415 1 P 0
L 8.0714961 1.3962992 8.0714961 1.4337008 1 P 0
L 8.0951182 1.3736614 8.0951182 1.4563386 0 P 0
L 8.1001575 1.3480709 8.1001575 1.4819291 0 P 0
L 8.1001575 1.3480709 8.1828347 1.3480709 0 P 0
L 8.1001575 1.4819291 8.1828347 1.4819291 0 P 0
L 8.1237796 1.415 8.1592126 1.415 1 P 0
L 8.1414961 1.3972835 8.1414961 1.4327165 1 P 0
L 8.1828347 1.3480709 8.1828347 1.4819291 0 P 0
L 8.2122835 1.4237402 8.3697638 1.4237402 0 P 0
L 8.2122836 1.2662598 8.2122836 1.2790551 0 P 0
L 8.2122836 1.2662598 8.3697639 1.2662598 0 P 0
L 8.2122836 1.2790551 8.2122836 1.4109449 0 P 0
L 8.2122836 1.4109449 8.2122836 1.4237401 0 P 0
L 8.2668111 1.12 8.3061811 1.12 1 P 0
L 8.2713387 1.345 8.3107088 1.345 1 P 0
L 8.2864961 1.100315 8.2864961 1.139685 1 P 0
L 8.2910237 1.325315 8.2910237 1.3646851 1 P 0
L 8.2944882 1.6446457 8.2944882 1.9753544 0 P 0
L 8.2944882 1.6446457 8.6055118 1.6446457 0 P 0
L 8.2944882 1.9753544 8.6055118 1.9753544 0 P 0
L 8.2944882 2.1046457 8.2944882 2.4353544 0 P 0
L 8.2944882 2.1046457 8.6055118 2.1046457 0 P 0
L 8.2944882 2.4353544 8.6055118 2.4353544 0 P 0
L 8.2944882 2.5646457 8.2944882 2.8953544 0 P 0
L 8.2944882 2.5646457 8.6055118 2.5646457 0 P 0
L 8.2944882 2.8953544 8.6055118 2.8953544 0 P 0
L 8.2944882 3.0246457 8.2944882 3.3553544 0 P 0
L 8.2944882 3.0246457 8.6055118 3.0246457 0 P 0
L 8.2944882 3.3553544 8.6055118 3.3553544 0 P 0
L 8.2944882 3.4846457 8.2944882 3.8153544 0 P 0
L 8.2944882 3.4846457 8.6055118 3.4846457 0 P 0
L 8.2944882 3.8153544 8.6055118 3.8153544 0 P 0
L 8.2944882 3.9446457 8.2944882 4.2753544 0 P 0
L 8.2944882 3.9446457 8.6055118 3.9446457 0 P 0
L 8.2944882 4.2753544 8.6055118 4.2753544 0 P 0
L 8.2944882 4.4046457 8.2944882 4.7353544 0 P 0
L 8.2944882 4.4046457 8.6055118 4.4046457 0 P 0
L 8.2944882 4.7353544 8.6055118 4.7353544 0 P 0
L 8.2944882 4.8646457 8.2944882 5.1953544 0 P 0
L 8.2944882 4.8646457 8.6055118 4.8646457 0 P 0
L 8.2944882 5.1953544 8.6055118 5.1953544 0 P 0
L 8.3486614 2.006378 8.3486614 2.0536221 0 P 0
L 8.3486614 2.006378 8.4313386 2.006378 0 P 0
L 8.3486614 2.0536221 8.4313386 2.0536221 0 P 0
L 8.3486614 2.466378 8.3486614 2.5136221 0 P 0
L 8.3486614 2.466378 8.4313386 2.466378 0 P 0
L 8.3486614 2.5136221 8.4313386 2.5136221 0 P 0
L 8.3486614 2.926378 8.3486614 2.9736221 0 P 0
L 8.3486614 2.926378 8.4313386 2.926378 0 P 0
L 8.3486614 2.9736221 8.4313386 2.9736221 0 P 0
L 8.3486614 3.386378 8.3486614 3.4336221 0 P 0
L 8.3486614 3.386378 8.4313386 3.386378 0 P 0
L 8.3486614 3.4336221 8.4313386 3.4336221 0 P 0
L 8.3486614 3.846378 8.3486614 3.8936221 0 P 0
L 8.3486614 3.846378 8.4313386 3.846378 0 P 0
L 8.3486614 3.8936221 8.4313386 3.8936221 0 P 0
L 8.3486614 4.306378 8.3486614 4.3536221 0 P 0
L 8.3486614 4.306378 8.4313386 4.306378 0 P 0
L 8.3486614 4.3536221 8.4313386 4.3536221 0 P 0
L 8.3486614 4.766378 8.3486614 4.8136221 0 P 0
L 8.3486614 4.766378 8.4313386 4.766378 0 P 0
L 8.3486614 4.8136221 8.4313386 4.8136221 0 P 0
L 8.3486614 5.226378 8.3486614 5.2736221 0 P 0
L 8.3486614 5.226378 8.4313386 5.226378 0 P 0
L 8.3486614 5.2736221 8.4313386 5.2736221 0 P 0
L 8.3486614 5.446378 8.3486614 5.4936221 0 P 0
L 8.3486614 5.446378 8.4313386 5.446378 0 P 0
L 8.3486614 5.4936221 8.4313386 5.4936221 0 P 0
L 8.3697639 1.2662598 8.3697639 1.2790551 0 P 0
L 8.3697639 1.2790551 8.3697639 1.4109449 0 P 0
L 8.3697639 1.4109449 8.3697639 1.4237401 0 P 0
L 8.3712992 2.03 8.4087008 2.03 1 P 0
L 8.3712992 2.49 8.4087008 2.49 1 P 0
L 8.3712992 2.95 8.4087008 2.95 1 P 0
L 8.3712992 3.41 8.4087008 3.41 1 P 0
L 8.3712992 3.87 8.4087008 3.87 1 P 0
L 8.3712992 4.33 8.4087008 4.33 1 P 0
L 8.3712992 4.79 8.4087008 4.79 1 P 0
L 8.3712992 5.25 8.4087008 5.25 1 P 0
L 8.3712992 5.47 8.4087008 5.47 1 P 0
L 8.39 2.0112992 8.39 2.0487008 1 P 0
L 8.39 2.4712992 8.39 2.5087008 1 P 0
L 8.39 2.9312992 8.39 2.9687008 1 P 0
L 8.39 3.3912992 8.39 3.4287008 1 P 0
L 8.39 3.8512992 8.39 3.8887008 1 P 0
L 8.39 4.3112992 8.39 4.3487008 1 P 0
L 8.39 4.7712992 8.39 4.8087008 1 P 0
L 8.39 5.2312992 8.39 5.2687008 1 P 0
L 8.39 5.4512992 8.39 5.4887008 1 P 0
L 8.414567 1.2456299 8.414567 1.3243701 0 P 0
L 8.414567 1.2456299 8.5484253 1.2456299 0 P 0
L 8.414567 1.3243701 8.5484253 1.3243701 0 P 0
L 8.427874 1.3736614 8.427874 1.4563386 0 P 0
L 8.427874 1.3736614 8.4751181 1.3736614 0 P 0
L 8.427874 1.4563386 8.4751181 1.4563386 0 P 0
L 8.430315 1.8100001 8.4696851 1.8100001 1 P 0
L 8.430315 2.2700001 8.4696851 2.2700001 1 P 0
L 8.430315 2.7300001 8.4696851 2.7300001 1 P 0
L 8.430315 3.1900001 8.4696851 3.1900001 1 P 0
L 8.430315 3.6500001 8.4696851 3.6500001 1 P 0
L 8.430315 4.1100001 8.4696851 4.1100001 1 P 0
L 8.430315 4.5700001 8.4696851 4.5700001 1 P 0
L 8.430315 5.0300001 8.4696851 5.0300001 1 P 0
L 8.4313386 2.006378 8.4313386 2.0536221 0 P 0
L 8.4313386 2.466378 8.4313386 2.5136221 0 P 0
L 8.4313386 2.926378 8.4313386 2.9736221 0 P 0
L 8.4313386 3.386378 8.4313386 3.4336221 0 P 0
L 8.4313386 3.846378 8.4313386 3.8936221 0 P 0
L 8.4313386 4.306378 8.4313386 4.3536221 0 P 0
L 8.4313386 4.766378 8.4313386 4.8136221 0 P 0
L 8.4313386 5.226378 8.4313386 5.2736221 0 P 0
L 8.4313386 5.446378 8.4313386 5.4936221 0 P 0
L 8.4327953 1.415 8.4701969 1.415 1 P 0
L 8.45 1.790315 8.45 1.8296851 1 P 0
L 8.45 2.250315 8.45 2.2896851 1 P 0
L 8.45 2.710315 8.45 2.7496851 1 P 0
L 8.45 3.170315 8.45 3.2096851 1 P 0
L 8.45 3.630315 8.45 3.6696851 1 P 0
L 8.45 4.090315 8.45 4.1296851 1 P 0
L 8.45 4.550315 8.45 4.5896851 1 P 0
L 8.45 5.010315 8.45 5.0496851 1 P 0
L 8.4514961 1.3962992 8.4514961 1.4337008 1 P 0
L 8.4618111 1.285 8.5011812 1.285 1 P 0
L 8.4686614 2.006378 8.4686614 2.0536221 0 P 0
L 8.4686614 2.006378 8.5513386 2.006378 0 P 0
L 8.4686614 2.0536221 8.5513386 2.0536221 0 P 0
L 8.4686614 2.466378 8.4686614 2.5136221 0 P 0
L 8.4686614 2.466378 8.5513386 2.466378 0 P 0
L 8.4686614 2.5136221 8.5513386 2.5136221 0 P 0
L 8.4686614 2.926378 8.4686614 2.9736221 0 P 0
L 8.4686614 2.926378 8.5513386 2.926378 0 P 0
L 8.4686614 2.9736221 8.5513386 2.9736221 0 P 0
L 8.4686614 3.386378 8.4686614 3.4336221 0 P 0
L 8.4686614 3.386378 8.5513386 3.386378 0 P 0
L 8.4686614 3.4336221 8.5513386 3.4336221 0 P 0
L 8.4686614 3.846378 8.4686614 3.8936221 0 P 0
L 8.4686614 3.846378 8.5513386 3.846378 0 P 0
L 8.4686614 3.8936221 8.5513386 3.8936221 0 P 0
L 8.4686614 4.306378 8.4686614 4.3536221 0 P 0
L 8.4686614 4.306378 8.5513386 4.306378 0 P 0
L 8.4686614 4.3536221 8.5513386 4.3536221 0 P 0
L 8.4686614 4.766378 8.4686614 4.8136221 0 P 0
L 8.4686614 4.766378 8.5513386 4.766378 0 P 0
L 8.4686614 4.8136221 8.5513386 4.8136221 0 P 0
L 8.4686614 5.226378 8.4686614 5.2736221 0 P 0
L 8.4686614 5.226378 8.5513386 5.226378 0 P 0
L 8.4686614 5.2736221 8.5513386 5.2736221 0 P 0
L 8.4686614 5.446378 8.4686614 5.4936221 0 P 0
L 8.4686614 5.446378 8.5513386 5.446378 0 P 0
L 8.4686614 5.4936221 8.5513386 5.4936221 0 P 0
L 8.4751181 1.3736614 8.4751181 1.4563386 0 P 0
L 8.4814961 1.265315 8.4814961 1.304685 1 P 0
L 8.4878741 1.3736614 8.4878741 1.4563386 0 P 0
L 8.4878741 1.3736614 8.5351182 1.3736614 0 P 0
L 8.4878741 1.4563386 8.5351182 1.4563386 0 P 0
L 8.4912992 2.03 8.5287008 2.03 1 P 0
L 8.4912992 2.49 8.5287008 2.49 1 P 0
L 8.4912992 2.95 8.5287008 2.95 1 P 0
L 8.4912992 3.41 8.5287008 3.41 1 P 0
L 8.4912992 3.87 8.5287008 3.87 1 P 0
L 8.4912992 4.33 8.5287008 4.33 1 P 0
L 8.4912992 4.79 8.5287008 4.79 1 P 0
L 8.4912992 5.25 8.5287008 5.25 1 P 0
L 8.4912992 5.47 8.5287008 5.47 1 P 0
L 8.4927953 1.415 8.5301969 1.415 1 P 0
L 8.51 2.0112992 8.51 2.0487008 1 P 0
L 8.51 2.4712992 8.51 2.5087008 1 P 0
L 8.51 2.9312992 8.51 2.9687008 1 P 0
L 8.51 3.3912992 8.51 3.4287008 1 P 0
L 8.51 3.8512992 8.51 3.8887008 1 P 0
L 8.51 4.3112992 8.51 4.3487008 1 P 0
L 8.51 4.7712992 8.51 4.8087008 1 P 0
L 8.51 5.2312992 8.51 5.2687008 1 P 0
L 8.51 5.4512992 8.51 5.4887008 1 P 0
L 8.5114961 1.3962992 8.5114961 1.4337008 1 P 0
L 8.5351182 1.3736614 8.5351182 1.4563386 0 P 0
L 8.5484253 1.2456299 8.5484253 1.3243701 0 P 0
L 8.5513386 2.006378 8.5513386 2.0536221 0 P 0
L 8.5513386 2.466378 8.5513386 2.5136221 0 P 0
L 8.5513386 2.926378 8.5513386 2.9736221 0 P 0
L 8.5513386 3.386378 8.5513386 3.4336221 0 P 0
L 8.5513386 3.846378 8.5513386 3.8936221 0 P 0
L 8.5513386 4.306378 8.5513386 4.3536221 0 P 0
L 8.5513386 4.766378 8.5513386 4.8136221 0 P 0
L 8.5513386 5.226378 8.5513386 5.2736221 0 P 0
L 8.5513386 5.446378 8.5513386 5.4936221 0 P 0
L 8.5645669 1.1606299 8.5645669 1.2393701 0 P 0
L 8.5645669 1.1606299 8.6984252 1.1606299 0 P 0
L 8.5645669 1.2393701 8.6984252 1.2393701 0 P 0
L 8.5645669 1.2456299 8.5645669 1.3243701 0 P 0
L 8.5645669 1.2456299 8.6984252 1.2456299 0 P 0
L 8.5645669 1.3243701 8.6984252 1.3243701 0 P 0
L 8.6055118 1.6446457 8.6055118 1.9753544 0 P 0
L 8.6055118 2.1046457 8.6055118 2.4353544 0 P 0
L 8.6055118 2.5646457 8.6055118 2.8953544 0 P 0
L 8.6055118 3.0246457 8.6055118 3.3553544 0 P 0
L 8.6055118 3.4846457 8.6055118 3.8153544 0 P 0
L 8.6055118 3.9446457 8.6055118 4.2753544 0 P 0
L 8.6055118 4.4046457 8.6055118 4.7353544 0 P 0
L 8.6055118 4.8646457 8.6055118 5.1953544 0 P 0
L 8.611811 1.2 8.6511811 1.2 1 P 0
L 8.611811 1.285 8.6511811 1.285 1 P 0
L 8.6314961 1.180315 8.6314961 1.219685 1 P 0
L 8.6314961 1.265315 8.6314961 1.304685 1 P 0
L 8.6984252 1.1606299 8.6984252 1.2393701 0 P 0
L 8.6984252 1.2456299 8.6984252 1.3243701 0 P 0
L 8.7968111 1.12 8.8361811 1.12 1 P 0
L 8.8164961 1.100315 8.8164961 1.139685 1 P 0
L 9.180315 1.12 9.219685 1.12 1 P 0
L 9.180315 1.12 9.219685 1.12 1 P 0
L 9.180315 5.48 9.219685 5.48 1 P 0
L 9.180315 5.48 9.219685 5.48 1 P 0
L 9.2 1.100315 9.2 1.139685 1 P 0
L 9.2 1.100315 9.2 1.139685 1 P 0
L 9.2 5.460315 9.2 5.499685 1 P 0
L 9.2 5.460315 9.2 5.499685 1 P 0
L 9.8586614 1.1963779 9.8586614 1.243622 0 P 0
L 9.8586614 1.1963779 9.9413386 1.1963779 0 P 0
L 9.8586614 1.243622 9.9413386 1.243622 0 P 0
L 9.8586614 5.3563779 9.8586614 5.403622 0 P 0
L 9.8586614 5.3563779 9.9413386 5.3563779 0 P 0
L 9.8586614 5.403622 9.9413386 5.403622 0 P 0
L 9.8812992 1.22 9.9187008 1.22 1 P 0
L 9.8812992 5.38 9.9187008 5.38 1 P 0
L 9.8862205 1.8222441 10.3137795 1.8222441 0 P 0
L 9.8862205 1.8222441 9.8862205 1.9777559 0 P 0
L 9.8862205 1.9777559 10.3137795 1.9777559 0 P 0
L 9.8862205 2.2222441 10.3137795 2.2222441 0 P 0
L 9.8862205 2.2222441 9.8862205 2.3777559 0 P 0
L 9.8862205 2.3777559 10.3137795 2.3777559 0 P 0
L 9.8862205 2.6222441 10.3137795 2.6222441 0 P 0
L 9.8862205 2.6222441 9.8862205 2.7777559 0 P 0
L 9.8862205 2.7777559 10.3137795 2.7777559 0 P 0
L 9.8862205 3.0222441 10.3137795 3.0222441 0 P 0
L 9.8862205 3.0222441 9.8862205 3.1777559 0 P 0
L 9.8862205 3.1777559 10.3137795 3.1777559 0 P 0
L 9.8862205 3.4222441 10.3137795 3.4222441 0 P 0
L 9.8862205 3.4222441 9.8862205 3.5777559 0 P 0
L 9.8862205 3.5777559 10.3137795 3.5777559 0 P 0
L 9.8862205 3.8222441 10.3137795 3.8222441 0 P 0
L 9.8862205 3.8222441 9.8862205 3.9777559 0 P 0
L 9.8862205 3.9777559 10.3137795 3.9777559 0 P 0
L 9.8862205 4.2222441 10.3137795 4.2222441 0 P 0
L 9.8862205 4.2222441 9.8862205 4.3777559 0 P 0
L 9.8862205 4.3777559 10.3137795 4.3777559 0 P 0
L 9.8862205 4.6222441 10.3137795 4.6222441 0 P 0
L 9.8862205 4.6222441 9.8862205 4.7777559 0 P 0
L 9.8862205 4.7777559 10.3137795 4.7777559 0 P 0
L 9.9 1.2012992 9.9 1.2387008 1 P 0
L 9.9 5.3612992 9.9 5.3987008 1 P 0
L 9.9413386 1.1963779 9.9413386 1.243622 0 P 0
L 9.9413386 5.3563779 9.9413386 5.403622 0 P 0
