#Layer_Color=16711935
#
#Feature symbol names
#
$0 r3.937

#
#Feature attribute names
#

#
#Layer features
#
A 8.3343308 1.321378 8.3343308 1.321378 8.3146458 1.321378 0 P 0 N
A 8.3364961 1.12 8.3364961 1.12 8.2864961 1.12 0 P 0 N
A 8.8664961 1.12 8.8664961 1.12 8.8164961 1.12 0 P 0 N
L 1.15 4.6 1.15 4.7 0 P 0
L 1.15 4.6 1.35 4.6 0 P 0
L 1.15 4.7 1.35 4.7 0 P 0
L 1.2012992 1.6675197 1.2012992 1.7324803 0 P 0
L 1.2012992 1.6675197 1.2387008 1.6675197 0 P 0
L 1.2012992 1.7324803 1.2387008 1.7324803 0 P 0
L 1.2012992 4.8675197 1.2012992 4.9324803 0 P 0
L 1.2012992 4.8675197 1.2387008 4.8675197 0 P 0
L 1.2012992 4.9324803 1.2387008 4.9324803 0 P 0
L 1.2029528 1.978 1.2029528 2.228 0 P 0
L 1.2029528 1.978 1.3970472 1.978 0 P 0
L 1.2029528 2.228 1.3970472 2.228 0 P 0
L 1.2303937 3.0956299 1.2303937 3.1743701 0 P 0
L 1.2303937 3.0956299 1.2796063 3.0956299 0 P 0
L 1.2303937 3.1743701 1.2796063 3.1743701 0 P 0
L 1.2303937 3.5456299 1.2303937 3.6243701 0 P 0
L 1.2303937 3.5456299 1.2796063 3.5456299 0 P 0
L 1.2303937 3.6243701 1.2796063 3.6243701 0 P 0
L 1.2303937 3.9706299 1.2303937 4.0493701 0 P 0
L 1.2303937 3.9706299 1.2796063 3.9706299 0 P 0
L 1.2303937 4.0493701 1.2796063 4.0493701 0 P 0
L 1.2362992 3.2548819 1.2362992 3.3198425 0 P 0
L 1.2362992 3.2548819 1.2737008 3.2548819 0 P 0
L 1.2362992 3.3198425 1.2737008 3.3198425 0 P 0
L 1.2362992 3.7025197 1.2362992 3.7674803 0 P 0
L 1.2362992 3.7025197 1.2737008 3.7025197 0 P 0
L 1.2362992 3.7674803 1.2737008 3.7674803 0 P 0
L 1.2362992 4.1275197 1.2362992 4.1924803 0 P 0
L 1.2362992 4.1275197 1.2737008 4.1275197 0 P 0
L 1.2362992 4.1924803 1.2737008 4.1924803 0 P 0
L 1.2387008 1.6675197 1.2387008 1.7324803 0 P 0
L 1.2387008 4.8675197 1.2387008 4.9324803 0 P 0
L 1.2737008 3.2548819 1.2737008 3.3198425 0 P 0
L 1.2737008 3.7025197 1.2737008 3.7674803 0 P 0
L 1.2737008 4.1275197 1.2737008 4.1924803 0 P 0
L 1.2796063 3.0956299 1.2796063 3.1743701 0 P 0
L 1.2796063 3.1448425 1.2796063 3.1743701 0 P 0
L 1.2796063 3.5456299 1.2796063 3.6243701 0 P 0
L 1.2796063 3.5948425 1.2796063 3.6243701 0 P 0
L 1.2796063 3.9706299 1.2796063 4.0493701 0 P 0
L 1.2796063 4.0198425 1.2796063 4.0493701 0 P 0
L 1.35 4.6 1.35 4.7 0 P 0
L 1.3970472 1.978 1.3970472 2.228 0 P 0
L 1.422441 3.0809449 1.422441 3.1990551 0 P 0
L 1.422441 3.0809449 1.4775591 3.0809449 0 P 0
L 1.422441 3.1990551 1.4775591 3.1990551 0 P 0
L 1.422441 3.9409449 1.422441 4.0590551 0 P 0
L 1.422441 3.9409449 1.4775591 3.9409449 0 P 0
L 1.422441 4.0590551 1.4775591 4.0590551 0 P 0
L 1.4775591 3.0809449 1.4775591 3.1990551 0 P 0
L 1.4775591 3.9409449 1.4775591 4.0590551 0 P 0
L 10.3 1.8330709 10.3 1.9669291 0 P 0
L 10.3 2.2330709 10.3 2.3669291 0 P 0
L 10.3 2.6330709 10.3 2.7669291 0 P 0
L 10.3 3.0330709 10.3 3.1669291 0 P 0
L 10.3 3.4330709 10.3 3.5669291 0 P 0
L 10.3 3.8330709 10.3 3.9669291 0 P 0
L 10.3 4.2330709 10.3 4.3669291 0 P 0
L 10.3 4.6330709 10.3 4.7669291 0 P 0
L 3.1312992 1.8425197 3.1312992 1.9074803 0 P 0
L 3.1312992 1.8425197 3.1687008 1.8425197 0 P 0
L 3.1312992 1.9074803 3.1687008 1.9074803 0 P 0
L 3.1687008 1.8425197 3.1687008 1.9074803 0 P 0
L 3.1755511 1.9799607 3.1755511 2.1000394 0 P 0
L 3.1755511 1.9799607 3.2444488 1.9799607 0 P 0
L 3.1755511 2.1000394 3.2444488 2.1000394 0 P 0
L 3.2444488 1.9799607 3.2444488 2.1000394 0 P 0
L 3.2562992 1.8425197 3.2562992 1.9074803 0 P 0
L 3.2562992 1.8425197 3.2937008 1.8425197 0 P 0
L 3.2562992 1.9074803 3.2937008 1.9074803 0 P 0
L 3.2937008 1.8425197 3.2937008 1.9074803 0 P 0
L 3.4200787 1.8962599 3.4200787 2.1403543 0 P 0
L 3.4200787 1.8962599 3.6799212 1.8962599 0 P 0
L 3.4200787 2.1403543 3.6799212 2.1403543 0 P 0
L 3.6799212 1.8962599 3.6799212 2.1403543 0 P 0
L 3.7314567 1.936693 3.7314567 2.0233071 0 P 0
L 3.7314567 1.936693 3.7885433 1.936693 0 P 0
L 3.7314567 2.0233071 3.7885433 2.0233071 0 P 0
L 3.7885433 1.936693 3.7885433 2.0233071 0 P 0
L 3.9700787 1.8962599 3.9700787 2.1403543 0 P 0
L 3.9700787 1.8962599 4.2299212 1.8962599 0 P 0
L 3.9700787 2.1403543 4.2299212 2.1403543 0 P 0
L 4.2299212 1.8962599 4.2299212 2.1403543 0 P 0
L 4.2814567 1.936693 4.2814567 2.0233071 0 P 0
L 4.2814567 1.936693 4.3385433 1.936693 0 P 0
L 4.2814567 2.0233071 4.3385433 2.0233071 0 P 0
L 4.3385433 1.936693 4.3385433 2.0233071 0 P 0
L 4.45 1.75 4.45 1.85 0 P 0
L 4.45 1.75 4.65 1.75 0 P 0
L 4.45 1.85 4.65 1.85 0 P 0
L 4.45 1.925 4.45 2.025 0 P 0
L 4.45 1.925 4.65 1.925 0 P 0
L 4.45 2.025 4.65 2.025 0 P 0
L 4.45 2.1 4.45 2.2 0 P 0
L 4.45 2.1 4.65 2.1 0 P 0
L 4.45 2.2 4.65 2.2 0 P 0
L 4.6214567 1.281693 4.6214567 1.3683071 0 P 0
L 4.6214567 1.281693 4.6785433 1.281693 0 P 0
L 4.6214567 1.3683071 4.6785433 1.3683071 0 P 0
L 4.65 1.75 4.65 1.85 0 P 0
L 4.65 1.925 4.65 2.025 0 P 0
L 4.65 2.1 4.65 2.2 0 P 0
L 4.6785433 1.281693 4.6785433 1.3683071 0 P 0
L 5.6675197 1.2012992 5.6675197 1.2387008 0 P 0
L 5.6675197 1.2012992 5.7324803 1.2012992 0 P 0
L 5.6675197 1.2387008 5.7324803 1.2387008 0 P 0
L 5.6675197 5.3612992 5.6675197 5.3987008 0 P 0
L 5.6675197 5.3612992 5.7324803 5.3612992 0 P 0
L 5.6675197 5.3987008 5.7324803 5.3987008 0 P 0
L 5.7324803 1.2012992 5.7324803 1.2387008 0 P 0
L 5.7324803 5.3612992 5.7324803 5.3987008 0 P 0
L 7.6 5.43 7.6 5.53 0 P 0
L 7.6 5.43 7.8 5.43 0 P 0
L 7.6 5.53 7.8 5.53 0 P 0
L 7.8 5.43 7.8 5.53 0 P 0
L 7.9927953 1.3825197 7.9927953 1.4474803 0 P 0
L 7.9927953 1.3825197 8.0301969 1.3825197 0 P 0
L 7.9927953 1.4474803 8.0301969 1.4474803 0 P 0
L 8.0301969 1.3825197 8.0301969 1.4474803 0 P 0
L 8.0527953 1.3825197 8.0527953 1.4474803 0 P 0
L 8.0527953 1.3825197 8.0901969 1.3825197 0 P 0
L 8.0527953 1.4474803 8.0901969 1.4474803 0 P 0
L 8.0901969 1.3825197 8.0901969 1.4474803 0 P 0
L 8.1237796 1.3815354 8.1237796 1.4484646 0 P 0
L 8.1237796 1.3815354 8.1592126 1.3815354 0 P 0
L 8.1237796 1.4484646 8.1592126 1.4484646 0 P 0
L 8.1592126 1.3815354 8.1592126 1.4484646 0 P 0
L 8.2319686 1.2859449 8.2319686 1.4040551 0 P 0
L 8.2319686 1.2859449 8.3500789 1.2859449 0 P 0
L 8.2319686 1.4040551 8.3500789 1.4040551 0 P 0
L 8.3500789 1.2859449 8.3500789 1.4040551 0 P 0
L 8.3575197 2.0112992 8.3575197 2.0487008 0 P 0
L 8.3575197 2.0112992 8.4224803 2.0112992 0 P 0
L 8.3575197 2.0487008 8.4224803 2.0487008 0 P 0
L 8.3575197 2.4712992 8.3575197 2.5087008 0 P 0
L 8.3575197 2.4712992 8.4224803 2.4712992 0 P 0
L 8.3575197 2.5087008 8.4224803 2.5087008 0 P 0
L 8.3575197 2.9312992 8.3575197 2.9687008 0 P 0
L 8.3575197 2.9312992 8.4224803 2.9312992 0 P 0
L 8.3575197 2.9687008 8.4224803 2.9687008 0 P 0
L 8.3575197 3.3912992 8.3575197 3.4287008 0 P 0
L 8.3575197 3.3912992 8.4224803 3.3912992 0 P 0
L 8.3575197 3.4287008 8.4224803 3.4287008 0 P 0
L 8.3575197 3.8512992 8.3575197 3.8887008 0 P 0
L 8.3575197 3.8512992 8.4224803 3.8512992 0 P 0
L 8.3575197 3.8887008 8.4224803 3.8887008 0 P 0
L 8.3575197 4.3112992 8.3575197 4.3487008 0 P 0
L 8.3575197 4.3112992 8.4224803 4.3112992 0 P 0
L 8.3575197 4.3487008 8.4224803 4.3487008 0 P 0
L 8.3575197 4.7712992 8.3575197 4.8087008 0 P 0
L 8.3575197 4.7712992 8.4224803 4.7712992 0 P 0
L 8.3575197 4.8087008 8.4224803 4.8087008 0 P 0
L 8.3575197 5.2312992 8.3575197 5.2687008 0 P 0
L 8.3575197 5.2312992 8.4224803 5.2312992 0 P 0
L 8.3575197 5.2687008 8.4224803 5.2687008 0 P 0
L 8.3575197 5.4512992 8.3575197 5.4887008 0 P 0
L 8.3575197 5.4512992 8.4224803 5.4512992 0 P 0
L 8.3575197 5.4887008 8.4224803 5.4887008 0 P 0
L 8.4224803 2.0112992 8.4224803 2.0487008 0 P 0
L 8.4224803 2.4712992 8.4224803 2.5087008 0 P 0
L 8.4224803 2.9312992 8.4224803 2.9687008 0 P 0
L 8.4224803 3.3912992 8.4224803 3.4287008 0 P 0
L 8.4224803 3.8512992 8.4224803 3.8887008 0 P 0
L 8.4224803 4.3112992 8.4224803 4.3487008 0 P 0
L 8.4224803 4.7712992 8.4224803 4.8087008 0 P 0
L 8.4224803 5.2312992 8.4224803 5.2687008 0 P 0
L 8.4224803 5.4512992 8.4224803 5.4887008 0 P 0
L 8.4327953 1.3825197 8.4327953 1.4474803 0 P 0
L 8.4327953 1.3825197 8.4701969 1.3825197 0 P 0
L 8.4327953 1.4474803 8.4701969 1.4474803 0 P 0
L 8.438189 1.2564567 8.438189 1.3135433 0 P 0
L 8.438189 1.2564567 8.5248032 1.2564567 0 P 0
L 8.438189 1.3135433 8.5248032 1.3135433 0 P 0
L 8.4701969 1.3825197 8.4701969 1.4474803 0 P 0
L 8.4775197 2.0112992 8.4775197 2.0487008 0 P 0
L 8.4775197 2.0112992 8.5424803 2.0112992 0 P 0
L 8.4775197 2.0487008 8.5424803 2.0487008 0 P 0
L 8.4775197 2.4712992 8.4775197 2.5087008 0 P 0
L 8.4775197 2.4712992 8.5424803 2.4712992 0 P 0
L 8.4775197 2.5087008 8.5424803 2.5087008 0 P 0
L 8.4775197 2.9312992 8.4775197 2.9687008 0 P 0
L 8.4775197 2.9312992 8.5424803 2.9312992 0 P 0
L 8.4775197 2.9687008 8.5424803 2.9687008 0 P 0
L 8.4775197 3.3912992 8.4775197 3.4287008 0 P 0
L 8.4775197 3.3912992 8.5424803 3.3912992 0 P 0
L 8.4775197 3.4287008 8.5424803 3.4287008 0 P 0
L 8.4775197 3.8512992 8.4775197 3.8887008 0 P 0
L 8.4775197 3.8512992 8.5424803 3.8512992 0 P 0
L 8.4775197 3.8887008 8.5424803 3.8887008 0 P 0
L 8.4775197 4.3112992 8.4775197 4.3487008 0 P 0
L 8.4775197 4.3112992 8.5424803 4.3112992 0 P 0
L 8.4775197 4.3487008 8.5424803 4.3487008 0 P 0
L 8.4775197 4.7712992 8.4775197 4.8087008 0 P 0
L 8.4775197 4.7712992 8.5424803 4.7712992 0 P 0
L 8.4775197 4.8087008 8.5424803 4.8087008 0 P 0
L 8.4775197 5.2312992 8.4775197 5.2687008 0 P 0
L 8.4775197 5.2312992 8.5424803 5.2312992 0 P 0
L 8.4775197 5.2687008 8.5424803 5.2687008 0 P 0
L 8.4775197 5.4512992 8.4775197 5.4887008 0 P 0
L 8.4775197 5.4512992 8.5424803 5.4512992 0 P 0
L 8.4775197 5.4887008 8.5424803 5.4887008 0 P 0
L 8.4927953 1.3825197 8.4927953 1.4474803 0 P 0
L 8.4927953 1.3825197 8.5301969 1.3825197 0 P 0
L 8.4927953 1.4474803 8.5301969 1.4474803 0 P 0
L 8.5248032 1.2564567 8.5248032 1.3135433 0 P 0
L 8.5301969 1.3825197 8.5301969 1.4474803 0 P 0
L 8.5424803 2.0112992 8.5424803 2.0487008 0 P 0
L 8.5424803 2.4712992 8.5424803 2.5087008 0 P 0
L 8.5424803 2.9312992 8.5424803 2.9687008 0 P 0
L 8.5424803 3.3912992 8.5424803 3.4287008 0 P 0
L 8.5424803 3.8512992 8.5424803 3.8887008 0 P 0
L 8.5424803 4.3112992 8.5424803 4.3487008 0 P 0
L 8.5424803 4.7712992 8.5424803 4.8087008 0 P 0
L 8.5424803 5.2312992 8.5424803 5.2687008 0 P 0
L 8.5424803 5.4512992 8.5424803 5.4887008 0 P 0
L 8.588189 1.1714567 8.588189 1.2285433 0 P 0
L 8.588189 1.1714567 8.6748031 1.1714567 0 P 0
L 8.588189 1.2285433 8.6748031 1.2285433 0 P 0
L 8.588189 1.2564567 8.588189 1.3135433 0 P 0
L 8.588189 1.2564567 8.6748031 1.2564567 0 P 0
L 8.588189 1.3135433 8.6748031 1.3135433 0 P 0
L 8.6748031 1.1714567 8.6748031 1.2285433 0 P 0
L 8.6748031 1.2564567 8.6748031 1.3135433 0 P 0
L 9.8675197 1.2012992 9.8675197 1.2387008 0 P 0
L 9.8675197 1.2012992 9.9324803 1.2012992 0 P 0
L 9.8675197 1.2387008 9.9324803 1.2387008 0 P 0
L 9.8675197 5.3612992 9.8675197 5.3987008 0 P 0
L 9.8675197 5.3612992 9.9324803 5.3612992 0 P 0
L 9.8675197 5.3987008 9.9324803 5.3987008 0 P 0
L 9.9 1.8330709 10.3 1.8330709 0 P 0
L 9.9 1.8330709 9.9 1.9669291 0 P 0
L 9.9 1.9669291 10.3 1.9669291 0 P 0
L 9.9 2.2330709 10.3 2.2330709 0 P 0
L 9.9 2.2330709 9.9 2.3669291 0 P 0
L 9.9 2.3669291 10.3 2.3669291 0 P 0
L 9.9 2.6330709 10.3 2.6330709 0 P 0
L 9.9 2.6330709 9.9 2.7669291 0 P 0
L 9.9 2.7669291 10.3 2.7669291 0 P 0
L 9.9 3.0330709 10.3 3.0330709 0 P 0
L 9.9 3.0330709 9.9 3.1669291 0 P 0
L 9.9 3.1669291 10.3 3.1669291 0 P 0
L 9.9 3.4330709 10.3 3.4330709 0 P 0
L 9.9 3.4330709 9.9 3.5669291 0 P 0
L 9.9 3.5669291 10.3 3.5669291 0 P 0
L 9.9 3.8330709 10.3 3.8330709 0 P 0
L 9.9 3.8330709 9.9 3.9669291 0 P 0
L 9.9 3.9669291 10.3 3.9669291 0 P 0
L 9.9 4.2330709 10.3 4.2330709 0 P 0
L 9.9 4.2330709 9.9 4.3669291 0 P 0
L 9.9 4.3669291 10.3 4.3669291 0 P 0
L 9.9 4.6330709 10.3 4.6330709 0 P 0
L 9.9 4.6330709 9.9 4.7669291 0 P 0
L 9.9 4.7669291 10.3 4.7669291 0 P 0
L 9.9324803 1.2012992 9.9324803 1.2387008 0 P 0
L 9.9324803 5.3612992 9.9324803 5.3987008 0 P 0
