UNITS=MM
#Layer_Color=9474304
#
#Feature symbol names
#
$0 r127

#
#Feature attribute names
#

#
#Layer features
#
L 0.72500236 4.0000047 0.87499952 4.0000047 0 P 0
L 0.72500236 13.60001598 0.87499952 13.60001598 0 P 0
L 0.72500236 18.40002162 0.87499952 18.40002162 0 P 0
L 0.72500236 23.20002726 0.87499952 23.20002726 0 P 0
L 0.80000094 3.92500612 0.80000094 4.07500328 0 P 0
L 0.80000094 13.5250174 0.80000094 13.67501456 0 P 0
L 0.80000094 18.32502304 0.80000094 18.4750202 0 P 0
L 0.80000094 23.12502868 0.80000094 23.27502584 0 P 0
L 0.99274884 2.34024932 1.142746 2.34024932 0 P 0
L 0.99500182 1.0700004 1.14499898 1.0700004 0 P 0
L 0.99500182 3.6100004 1.14499898 3.6100004 0 P 0
L 0.99500182 4.8800004 1.14499898 4.8800004 0 P 0
L 0.99500182 6.1500004 1.14499898 6.1500004 0 P 0
L 0.99500182 7.4200004 1.14499898 7.4200004 0 P 0
L 0.99500182 8.6900004 1.14499898 8.6900004 0 P 0
L 0.99500182 16.3100004 1.14499898 16.3100004 0 P 0
L 0.99500182 17.5800004 1.14499898 17.5800004 0 P 0
L 0.99500182 18.8500004 1.14499898 18.8500004 0 P 0
L 0.99500182 20.1200004 1.14499898 20.1200004 0 P 0
L 0.99500182 21.3900004 1.14499898 21.3900004 0 P 0
L 0.99500182 22.6600004 1.14499898 22.6600004 0 P 0
L 0.99500182 23.9300004 1.14499898 23.9300004 0 P 0
L 1.06774742 2.26525074 1.06774742 2.4152479 0 P 0
L 1.0700004 0.99500182 1.0700004 1.14499898 0 P 0
L 1.0700004 3.53500182 1.0700004 3.68499898 0 P 0
L 1.0700004 4.80500182 1.0700004 4.95499898 0 P 0
L 1.0700004 6.07500182 1.0700004 6.22499898 0 P 0
L 1.0700004 7.34500182 1.0700004 7.49499898 0 P 0
L 1.0700004 8.61500182 1.0700004 8.76499898 0 P 0
L 1.0700004 16.23500182 1.0700004 16.38499898 0 P 0
L 1.0700004 17.50500182 1.0700004 17.65499898 0 P 0
L 1.0700004 18.77500182 1.0700004 18.92499898 0 P 0
L 1.0700004 20.04500182 1.0700004 20.19499898 0 P 0
L 1.0700004 21.31500182 1.0700004 21.46499898 0 P 0
L 1.0700004 22.58500182 1.0700004 22.73499898 0 P 0
L 1.0700004 23.85500182 1.0700004 24.00499898 0 P 0
L 1.12500156 1.60000188 1.27499872 1.60000188 0 P 0
L 1.12500156 11.20001316 1.27499872 11.20001316 0 P 0
L 1.12500156 16.0000188 1.27499872 16.0000188 0 P 0
L 1.12500156 20.80002444 1.27499872 20.80002444 0 P 0
L 1.20000014 1.5250033 1.20000014 1.67500046 0 P 0
L 1.20000014 11.12501458 1.20000014 11.27501174 0 P 0
L 1.20000014 15.92502022 1.20000014 16.07501738 0 P 0
L 1.20000014 20.72502586 1.20000014 20.87502302 0 P 0
L 1.5250033 0.80000094 1.67500046 0.80000094 0 P 0
L 1.5250033 4.0000047 1.67500046 4.0000047 0 P 0
L 1.5250033 5.60000658 1.67500046 5.60000658 0 P 0
L 1.5250033 7.20000846 1.67500046 7.20000846 0 P 0
L 1.5250033 10.40001222 1.67500046 10.40001222 0 P 0
L 1.5250033 12.0000141 1.67500046 12.0000141 0 P 0
L 1.5250033 13.60001598 1.67500046 13.60001598 0 P 0
L 1.5250033 15.20001786 1.67500046 15.20001786 0 P 0
L 1.5250033 16.80001974 1.67500046 16.80001974 0 P 0
L 1.5250033 18.40002162 1.67500046 18.40002162 0 P 0
L 1.5250033 21.60002538 1.67500046 21.60002538 0 P 0
L 1.5250033 23.20002726 1.67500046 23.20002726 0 P 0
L 1.60000188 0.72500236 1.60000188 0.87499952 0 P 0
L 1.60000188 3.92500612 1.60000188 4.07500328 0 P 0
L 1.60000188 5.525008 1.60000188 5.67500516 0 P 0
L 1.60000188 7.12500988 1.60000188 7.27500704 0 P 0
L 1.60000188 10.32501364 1.60000188 10.4750108 0 P 0
L 1.60000188 11.92501552 1.60000188 12.07501268 0 P 0
L 1.60000188 13.5250174 1.60000188 13.67501456 0 P 0
L 1.60000188 15.12501928 1.60000188 15.27501644 0 P 0
L 1.60000188 16.72502116 1.60000188 16.87501832 0 P 0
L 1.60000188 18.32502304 1.60000188 18.4750202 0 P 0
L 1.60000188 21.5250268 1.60000188 21.67502396 0 P 0
L 1.60000188 23.12502868 1.60000188 23.27502584 0 P 0
L 1.9250025 1.60000188 2.07499966 1.60000188 0 P 0
L 1.9250025 6.40000752 2.07499966 6.40000752 0 P 0
L 1.9250025 11.20001316 2.07499966 11.20001316 0 P 0
L 1.9250025 16.0000188 2.07499966 16.0000188 0 P 0
L 1.9250025 20.80002444 2.07499966 20.80002444 0 P 0
L 2.00000108 1.5250033 2.00000108 1.67500046 0 P 0
L 2.00000108 6.32500894 2.00000108 6.4750061 0 P 0
L 2.00000108 11.12501458 2.00000108 11.27501174 0 P 0
L 2.00000108 15.92502022 2.00000108 16.07501738 0 P 0
L 2.00000108 20.72502586 2.00000108 20.87502302 0 P 0
L 2.26274884 2.34024932 2.412746 2.34024932 0 P 0
L 2.26274884 6.15024932 2.412746 6.15024932 0 P 0
L 2.26274884 7.42024932 2.412746 7.42024932 0 P 0
L 2.26500182 1.0700004 2.41499898 1.0700004 0 P 0
L 2.26500182 3.6100004 2.41499898 3.6100004 0 P 0
L 2.26500182 4.8800004 2.41499898 4.8800004 0 P 0
L 2.26500182 8.6900004 2.41499898 8.6900004 0 P 0
L 2.26500182 16.3100004 2.41499898 16.3100004 0 P 0
L 2.26500182 17.5800004 2.41499898 17.5800004 0 P 0
L 2.26500182 18.8500004 2.41499898 18.8500004 0 P 0
L 2.26500182 20.1200004 2.41499898 20.1200004 0 P 0
L 2.26500182 21.3900004 2.41499898 21.3900004 0 P 0
L 2.26500182 22.6600004 2.41499898 22.6600004 0 P 0
L 2.26500182 23.9300004 2.41499898 23.9300004 0 P 0
L 2.32500424 4.0000047 2.4750014 4.0000047 0 P 0
L 2.32500424 13.60001598 2.4750014 13.60001598 0 P 0
L 2.32500424 23.20002726 2.4750014 23.20002726 0 P 0
L 2.33774742 2.26525074 2.33774742 2.4152479 0 P 0
L 2.33774742 6.07525074 2.33774742 6.2252479 0 P 0
L 2.33774742 7.34525074 2.33774742 7.4952479 0 P 0
L 2.3400004 0.99500182 2.3400004 1.14499898 0 P 0
L 2.3400004 3.53500182 2.3400004 3.68499898 0 P 0
L 2.3400004 4.80500182 2.3400004 4.95499898 0 P 0
L 2.3400004 8.61500182 2.3400004 8.76499898 0 P 0
L 2.3400004 16.23500182 2.3400004 16.38499898 0 P 0
L 2.3400004 17.50500182 2.3400004 17.65499898 0 P 0
L 2.3400004 18.77500182 2.3400004 18.92499898 0 P 0
L 2.3400004 20.04500182 2.3400004 20.19499898 0 P 0
L 2.3400004 21.31500182 2.3400004 21.46499898 0 P 0
L 2.3400004 22.58500182 2.3400004 22.73499898 0 P 0
L 2.3400004 23.85500182 2.3400004 24.00499898 0 P 0
L 2.40000282 3.92500612 2.40000282 4.07500328 0 P 0
L 2.40000282 13.5250174 2.40000282 13.67501456 0 P 0
L 2.40000282 23.12502868 2.40000282 23.27502584 0 P 0
L 2.72500344 1.60000188 2.8750006 1.60000188 0 P 0
L 2.72500344 3.20000376 2.8750006 3.20000376 0 P 0
L 2.72500344 6.40000752 2.8750006 6.40000752 0 P 0
L 2.72500344 8.0000094 2.8750006 8.0000094 0 P 0
L 2.72500344 9.60001128 2.8750006 9.60001128 0 P 0
L 2.72500344 11.20001316 2.8750006 11.20001316 0 P 0
L 2.72500344 12.80001504 2.8750006 12.80001504 0 P 0
L 2.72500344 14.40001692 2.8750006 14.40001692 0 P 0
L 2.72500344 16.0000188 2.8750006 16.0000188 0 P 0
L 2.72500344 19.20002256 2.8750006 19.20002256 0 P 0
L 2.80000202 1.5250033 2.80000202 1.67500046 0 P 0
L 2.80000202 3.12500518 2.80000202 3.27500234 0 P 0
L 2.80000202 6.32500894 2.80000202 6.4750061 0 P 0
L 2.80000202 7.92501082 2.80000202 8.07500798 0 P 0
L 2.80000202 9.5250127 2.80000202 9.67500986 0 P 0
L 2.80000202 11.12501458 2.80000202 11.27501174 0 P 0
L 2.80000202 12.72501646 2.80000202 12.87501362 0 P 0
L 2.80000202 14.32501834 2.80000202 14.4750155 0 P 0
L 2.80000202 15.92502022 2.80000202 16.07501738 0 P 0
L 2.80000202 19.12502398 2.80000202 19.27502114 0 P 0
L 3.0020006 20.6510001 3.15199776 20.6510001 0 P 0
L 3.07699918 20.57600152 3.07699918 20.72599868 0 P 0
L 3.12500518 4.0000047 3.27500234 4.0000047 0 P 0
L 3.12500518 8.80001034 3.27500234 8.80001034 0 P 0
L 3.12500518 13.60001598 3.27500234 13.60001598 0 P 0
L 3.12500518 20.0000235 3.27500234 20.0000235 0 P 0
L 3.12500518 23.20002726 3.27500234 23.20002726 0 P 0
L 3.20000376 3.92500612 3.20000376 4.07500328 0 P 0
L 3.20000376 8.72501176 3.20000376 8.87500892 0 P 0
L 3.20000376 13.5250174 3.20000376 13.67501456 0 P 0
L 3.20000376 19.92502492 3.20000376 20.07502208 0 P 0
L 3.20000376 23.12502868 3.20000376 23.27502584 0 P 0
L 3.44000074 19.52325026 3.5899979 19.52325026 0 P 0
L 3.44300048 20.2280012 3.59299764 20.2280012 0 P 0
L 3.51499932 19.44825168 3.51499932 19.59824884 0 P 0
L 3.51799906 20.15300262 3.51799906 20.30299978 0 P 0
L 3.52500438 1.60000188 3.67500154 1.60000188 0 P 0
L 3.52500438 9.60001128 3.67500154 9.60001128 0 P 0
L 3.53274884 4.88024932 3.682746 4.88024932 0 P 0
L 3.53274884 7.42024932 3.682746 7.42024932 0 P 0
L 3.53500182 1.0700004 3.68499898 1.0700004 0 P 0
L 3.53500182 2.3400004 3.68499898 2.3400004 0 P 0
L 3.53500182 3.6100004 3.68499898 3.6100004 0 P 0
L 3.53500182 6.1500004 3.68499898 6.1500004 0 P 0
L 3.53500182 8.6900004 3.68499898 8.6900004 0 P 0
L 3.53500182 9.9600004 3.68499898 9.9600004 0 P 0
L 3.53500182 11.2300004 3.68499898 11.2300004 0 P 0
L 3.53500182 12.5000004 3.68499898 12.5000004 0 P 0
L 3.53500182 13.7700004 3.68499898 13.7700004 0 P 0
L 3.53500182 15.0400004 3.68499898 15.0400004 0 P 0
L 3.53500182 16.3100004 3.68499898 16.3100004 0 P 0
L 3.53500182 17.5800004 3.68499898 17.5800004 0 P 0
L 3.53500182 18.8500004 3.68499898 18.8500004 0 P 0
L 3.53500182 21.3900004 3.68499898 21.3900004 0 P 0
L 3.53500182 22.6600004 3.68499898 22.6600004 0 P 0
L 3.53500182 23.9300004 3.68499898 23.9300004 0 P 0
L 3.60000296 1.5250033 3.60000296 1.67500046 0 P 0
L 3.60000296 9.5250127 3.60000296 9.67500986 0 P 0
L 3.60774742 4.80525074 3.60774742 4.9552479 0 P 0
L 3.60774742 7.34525074 3.60774742 7.4952479 0 P 0
L 3.6100004 0.99500182 3.6100004 1.14499898 0 P 0
L 3.6100004 2.26500182 3.6100004 2.41499898 0 P 0
L 3.6100004 3.53500182 3.6100004 3.68499898 0 P 0
L 3.6100004 6.07500182 3.6100004 6.22499898 0 P 0
L 3.6100004 8.61500182 3.6100004 8.76499898 0 P 0
L 3.6100004 9.88500182 3.6100004 10.03499898 0 P 0
L 3.6100004 11.15500182 3.6100004 11.30499898 0 P 0
L 3.6100004 12.42500182 3.6100004 12.57499898 0 P 0
L 3.6100004 13.69500182 3.6100004 13.84499898 0 P 0
L 3.6100004 14.96500182 3.6100004 15.11499898 0 P 0
L 3.6100004 16.23500182 3.6100004 16.38499898 0 P 0
L 3.6100004 17.50500182 3.6100004 17.65499898 0 P 0
L 3.6100004 18.77500182 3.6100004 18.92499898 0 P 0
L 3.6100004 21.31500182 3.6100004 21.46499898 0 P 0
L 3.6100004 22.58500182 3.6100004 22.73499898 0 P 0
L 3.6100004 23.85500182 3.6100004 24.00499898 0 P 0
L 3.69200176 20.89200038 3.84199892 20.89200038 0 P 0
L 3.76700034 20.8170018 3.76700034 20.96699896 0 P 0
L 3.77900184 19.42999924 3.928999 19.42999924 0 P 0
L 3.85400042 19.35500066 3.85400042 19.50499782 0 P 0
L 3.92500612 0.80000094 4.07500328 0.80000094 0 P 0
L 3.92500612 4.0000047 4.07500328 4.0000047 0 P 0
L 3.92500612 5.60000658 4.07500328 5.60000658 0 P 0
L 3.92500612 10.40001222 4.07500328 10.40001222 0 P 0
L 3.92500612 12.0000141 4.07500328 12.0000141 0 P 0
L 3.92500612 16.80001974 4.07500328 16.80001974 0 P 0
L 3.92500612 18.40002162 4.07500328 18.40002162 0 P 0
L 3.92500612 23.20002726 4.07500328 23.20002726 0 P 0
L 3.93100052 20.00300038 4.08099768 20.00300038 0 P 0
L 3.93100052 20.60299918 4.08099768 20.60299918 0 P 0
L 3.93100052 21.20300052 4.08099768 21.20300052 0 P 0
L 4.0000047 0.72500236 4.0000047 0.87499952 0 P 0
L 4.0000047 3.92500612 4.0000047 4.07500328 0 P 0
L 4.0000047 5.525008 4.0000047 5.67500516 0 P 0
L 4.0000047 10.32501364 4.0000047 10.4750108 0 P 0
L 4.0000047 11.92501552 4.0000047 12.07501268 0 P 0
L 4.0000047 16.72502116 4.0000047 16.87501832 0 P 0
L 4.0000047 18.32502304 4.0000047 18.4750202 0 P 0
L 4.0000047 23.12502868 4.0000047 23.27502584 0 P 0
L 4.0059991 19.9280018 4.0059991 20.07799896 0 P 0
L 4.0059991 20.5280006 4.0059991 20.67799776 0 P 0
L 4.0059991 21.12800194 4.0059991 21.2779991 0 P 0
L 4.32500532 1.60000188 4.47500248 1.60000188 0 P 0
L 4.32500532 6.40000752 4.47500248 6.40000752 0 P 0
L 4.32500532 11.20001316 4.47500248 11.20001316 0 P 0
L 4.32500532 16.0000188 4.47500248 16.0000188 0 P 0
L 4.33100226 19.10299964 4.48099942 19.10299964 0 P 0
L 4.33100226 19.70300098 4.48099942 19.70300098 0 P 0
L 4.33100226 20.30299978 4.48099942 20.30299978 0 P 0
L 4.33100226 20.90300112 4.48099942 20.90300112 0 P 0
L 4.4000039 1.5250033 4.4000039 1.67500046 0 P 0
L 4.4000039 6.32500894 4.4000039 6.4750061 0 P 0
L 4.4000039 11.12501458 4.4000039 11.27501174 0 P 0
L 4.4000039 15.92502022 4.4000039 16.07501738 0 P 0
L 4.40600084 19.02800106 4.40600084 19.17799822 0 P 0
L 4.40600084 19.6280024 4.40600084 19.77799956 0 P 0
L 4.40600084 20.2280012 4.40600084 20.37799836 0 P 0
L 4.40600084 20.82800254 4.40600084 20.9779997 0 P 0
L 4.51872858 13.51627472 4.66872574 13.51627472 0 P 0
L 4.59372716 13.44127614 4.59372716 13.5912733 0 P 0
L 4.72500706 4.0000047 4.87500422 4.0000047 0 P 0
L 4.72500706 10.40001222 4.87500422 10.40001222 0 P 0
L 4.72500706 18.40002162 4.87500422 18.40002162 0 P 0
L 4.72500706 23.20002726 4.87500422 23.20002726 0 P 0
L 4.73100146 18.72799912 4.88099862 18.72799912 0 P 0
L 4.73100146 19.40299904 4.88099862 19.40299904 0 P 0
L 4.73100146 20.00300038 4.88099862 20.00300038 0 P 0
L 4.73100146 20.60299918 4.88099862 20.60299918 0 P 0
L 4.73100146 21.20300052 4.88099862 21.20300052 0 P 0
L 4.7570009 21.6170002 4.90699806 21.6170002 0 P 0
L 4.80000564 3.92500612 4.80000564 4.07500328 0 P 0
L 4.80000564 10.32501364 4.80000564 10.4750108 0 P 0
L 4.80000564 18.32502304 4.80000564 18.4750202 0 P 0
L 4.80000564 23.12502868 4.80000564 23.27502584 0 P 0
L 4.80500182 1.0700004 4.95499898 1.0700004 0 P 0
L 4.80500182 2.3400004 4.95499898 2.3400004 0 P 0
L 4.80500182 3.6100004 4.95499898 3.6100004 0 P 0
L 4.80500182 6.1500004 4.95499898 6.1500004 0 P 0
L 4.80500182 7.4200004 4.95499898 7.4200004 0 P 0
L 4.80500182 8.6900004 4.95499898 8.6900004 0 P 0
L 4.80500182 9.9600004 4.95499898 9.9600004 0 P 0
L 4.80500182 11.2300004 4.95499898 11.2300004 0 P 0
L 4.80500182 22.6600004 4.95499898 22.6600004 0 P 0
L 4.80500182 23.9300004 4.95499898 23.9300004 0 P 0
L 4.80600004 18.65300054 4.80600004 18.8029977 0 P 0
L 4.80600004 19.32800046 4.80600004 19.47799762 0 P 0
L 4.80600004 19.9280018 4.80600004 20.07799896 0 P 0
L 4.80600004 20.5280006 4.80600004 20.67799776 0 P 0
L 4.80600004 21.12800194 4.80600004 21.2779991 0 P 0
L 4.83199948 21.54200162 4.83199948 21.69199878 0 P 0
L 4.8800004 0.99500182 4.8800004 1.14499898 0 P 0
L 4.8800004 2.26500182 4.8800004 2.41499898 0 P 0
L 4.8800004 3.53500182 4.8800004 3.68499898 0 P 0
L 4.8800004 6.07500182 4.8800004 6.22499898 0 P 0
L 4.8800004 7.34500182 4.8800004 7.49499898 0 P 0
L 4.8800004 8.61500182 4.8800004 8.76499898 0 P 0
L 4.8800004 9.88500182 4.8800004 10.03499898 0 P 0
L 4.8800004 11.15500182 4.8800004 11.30499898 0 P 0
L 4.8800004 22.58500182 4.8800004 22.73499898 0 P 0
L 4.8800004 23.85500182 4.8800004 24.00499898 0 P 0
L 5.02672858 12.75427472 5.17672574 12.75427472 0 P 0
L 5.10172716 12.67927614 5.10172716 12.8292733 0 P 0
L 5.12500626 1.60000188 5.27500342 1.60000188 0 P 0
L 5.12500626 3.20000376 5.27500342 3.20000376 0 P 0
L 5.12500626 4.80000564 5.27500342 4.80000564 0 P 0
L 5.12500626 8.0000094 5.27500342 8.0000094 0 P 0
L 5.12500626 9.60001128 5.27500342 9.60001128 0 P 0
L 5.12500626 14.40001692 5.27500342 14.40001692 0 P 0
L 5.12500626 16.0000188 5.27500342 16.0000188 0 P 0
L 5.12500626 17.60002068 5.27500342 17.60002068 0 P 0
L 5.12500626 22.40002632 5.27500342 22.40002632 0 P 0
L 5.1310032 19.10299964 5.28100036 19.10299964 0 P 0
L 5.1310032 19.70300098 5.28100036 19.70300098 0 P 0
L 5.1310032 20.30299978 5.28100036 20.30299978 0 P 0
L 5.1310032 20.90300112 5.28100036 20.90300112 0 P 0
L 5.20000484 1.5250033 5.20000484 1.67500046 0 P 0
L 5.20000484 3.12500518 5.20000484 3.27500234 0 P 0
L 5.20000484 4.72500706 5.20000484 4.87500422 0 P 0
L 5.20000484 7.92501082 5.20000484 8.07500798 0 P 0
L 5.20000484 9.5250127 5.20000484 9.67500986 0 P 0
L 5.20000484 14.32501834 5.20000484 14.4750155 0 P 0
L 5.20000484 15.92502022 5.20000484 16.07501738 0 P 0
L 5.20000484 17.5250221 5.20000484 17.67501926 0 P 0
L 5.20000484 22.32502774 5.20000484 22.4750249 0 P 0
L 5.20600178 19.02800106 5.20600178 19.17799822 0 P 0
L 5.20600178 19.6280024 5.20600178 19.77799956 0 P 0
L 5.20600178 20.2280012 5.20600178 20.37799836 0 P 0
L 5.20600178 20.82800254 5.20600178 20.9779997 0 P 0
L 5.525008 4.0000047 5.67500516 4.0000047 0 P 0
L 5.525008 8.80001034 5.67500516 8.80001034 0 P 0
L 5.525008 13.60001598 5.67500516 13.60001598 0 P 0
L 5.525008 18.40002162 5.67500516 18.40002162 0 P 0
L 5.525008 23.20002726 5.67500516 23.20002726 0 P 0
L 5.5310024 18.72799912 5.68099956 18.72799912 0 P 0
L 5.5310024 19.40299904 5.68099956 19.40299904 0 P 0
L 5.5310024 20.00300038 5.68099956 20.00300038 0 P 0
L 5.5310024 20.60299918 5.68099956 20.60299918 0 P 0
L 5.5310024 21.20300052 5.68099956 21.20300052 0 P 0
L 5.60000658 3.92500612 5.60000658 4.07500328 0 P 0
L 5.60000658 8.72501176 5.60000658 8.87500892 0 P 0
L 5.60000658 13.5250174 5.60000658 13.67501456 0 P 0
L 5.60000658 18.32502304 5.60000658 18.4750202 0 P 0
L 5.60000658 23.12502868 5.60000658 23.27502584 0 P 0
L 5.60600098 18.65300054 5.60600098 18.8029977 0 P 0
L 5.60600098 19.32800046 5.60600098 19.47799762 0 P 0
L 5.60600098 19.9280018 5.60600098 20.07799896 0 P 0
L 5.60600098 20.5280006 5.60600098 20.67799776 0 P 0
L 5.60600098 21.12800194 5.60600098 21.2779991 0 P 0
L 5.65300114 11.52700006 5.8029983 11.52700006 0 P 0
L 5.65300114 11.98900066 5.8029983 11.98900066 0 P 0
L 5.72799972 11.45200148 5.72799972 11.60199864 0 P 0
L 5.72799972 11.91400208 5.72799972 12.06399924 0 P 0
L 5.90000344 12.55450118 6.0500006 12.55450118 0 P 0
L 5.90000344 13.01650178 6.0500006 13.01650178 0 P 0
L 5.9250072 1.60000188 6.07500436 1.60000188 0 P 0
L 5.9250072 3.20000376 6.07500436 3.20000376 0 P 0
L 5.9250072 4.80000564 6.07500436 4.80000564 0 P 0
L 5.9250072 11.20001316 6.07500436 11.20001316 0 P 0
L 5.9250072 16.0000188 6.07500436 16.0000188 0 P 0
L 5.93100414 19.10299964 6.0810013 19.10299964 0 P 0
L 5.93100414 19.70300098 6.0810013 19.70300098 0 P 0
L 5.93100414 20.30299978 6.0810013 20.30299978 0 P 0
L 5.93100414 20.90300112 6.0810013 20.90300112 0 P 0
L 5.97500202 12.4795026 5.97500202 12.62949976 0 P 0
L 5.97500202 12.9415032 5.97500202 13.09150036 0 P 0
L 6.00000578 1.5250033 6.00000578 1.67500046 0 P 0
L 6.00000578 3.12500518 6.00000578 3.27500234 0 P 0
L 6.00000578 4.72500706 6.00000578 4.87500422 0 P 0
L 6.00000578 11.12501458 6.00000578 11.27501174 0 P 0
L 6.00000578 15.92502022 6.00000578 16.07501738 0 P 0
L 6.00600272 19.02800106 6.00600272 19.17799822 0 P 0
L 6.00600272 19.6280024 6.00600272 19.77799956 0 P 0
L 6.00600272 20.2280012 6.00600272 20.37799836 0 P 0
L 6.00600272 20.82800254 6.00600272 20.9779997 0 P 0
L 6.02400116 11.97500018 6.17399832 11.97500018 0 P 0
L 6.07500182 1.0700004 6.22499898 1.0700004 0 P 0
L 6.07500182 2.3400004 6.22499898 2.3400004 0 P 0
L 6.07500182 3.6100004 6.22499898 3.6100004 0 P 0
L 6.07500182 6.1500004 6.22499898 6.1500004 0 P 0
L 6.07500182 22.6600004 6.22499898 22.6600004 0 P 0
L 6.07500182 23.9300004 6.22499898 23.9300004 0 P 0
L 6.07600258 21.598001 6.22599974 21.598001 0 P 0
L 6.09899974 11.9000016 6.09899974 12.04999876 0 P 0
L 6.1500004 0.99500182 6.1500004 1.14499898 0 P 0
L 6.1500004 2.26500182 6.1500004 2.41499898 0 P 0
L 6.1500004 3.53500182 6.1500004 3.68499898 0 P 0
L 6.1500004 6.07500182 6.1500004 6.22499898 0 P 0
L 6.1500004 22.58500182 6.1500004 22.73499898 0 P 0
L 6.1500004 23.85500182 6.1500004 24.00499898 0 P 0
L 6.15100116 21.52300242 6.15100116 21.67299958 0 P 0
L 6.29645426 12.7540004 6.44645142 12.7540004 0 P 0
L 6.32500894 0.80000094 6.4750061 0.80000094 0 P 0
L 6.32500894 4.0000047 6.4750061 4.0000047 0 P 0
L 6.32500894 5.60000658 6.4750061 5.60000658 0 P 0
L 6.32500894 7.20000846 6.4750061 7.20000846 0 P 0
L 6.32500894 8.80001034 6.4750061 8.80001034 0 P 0
L 6.32500894 10.40001222 6.4750061 10.40001222 0 P 0
L 6.32500894 13.60001598 6.4750061 13.60001598 0 P 0
L 6.32500894 15.20001786 6.4750061 15.20001786 0 P 0
L 6.32500894 16.80001974 6.4750061 16.80001974 0 P 0
L 6.32500894 18.40002162 6.4750061 18.40002162 0 P 0
L 6.32500894 23.20002726 6.4750061 23.20002726 0 P 0
L 6.3310008 18.72799912 6.48099796 18.72799912 0 P 0
L 6.3310008 20.00300038 6.48099796 20.00300038 0 P 0
L 6.3310008 20.60299918 6.48099796 20.60299918 0 P 0
L 6.3310008 21.20300052 6.48099796 21.20300052 0 P 0
L 6.33100334 19.40299904 6.4810005 19.40299904 0 P 0
L 6.37145284 12.67900182 6.37145284 12.82899898 0 P 0
L 6.40000752 0.72500236 6.40000752 0.87499952 0 P 0
L 6.40000752 3.92500612 6.40000752 4.07500328 0 P 0
L 6.40000752 5.525008 6.40000752 5.67500516 0 P 0
L 6.40000752 7.12500988 6.40000752 7.27500704 0 P 0
L 6.40000752 8.72501176 6.40000752 8.87500892 0 P 0
L 6.40000752 10.32501364 6.40000752 10.4750108 0 P 0
L 6.40000752 13.5250174 6.40000752 13.67501456 0 P 0
L 6.40000752 15.12501928 6.40000752 15.27501644 0 P 0
L 6.40000752 16.72502116 6.40000752 16.87501832 0 P 0
L 6.40000752 18.32502304 6.40000752 18.4750202 0 P 0
L 6.40000752 23.12502868 6.40000752 23.27502584 0 P 0
L 6.40599938 18.65300054 6.40599938 18.8029977 0 P 0
L 6.40599938 19.9280018 6.40599938 20.07799896 0 P 0
L 6.40599938 20.5280006 6.40599938 20.67799776 0 P 0
L 6.40599938 21.12800194 6.40599938 21.2779991 0 P 0
L 6.40600192 19.32800046 6.40600192 19.47799762 0 P 0
L 6.72500814 1.60000188 6.8750053 1.60000188 0 P 0
L 6.72500814 6.40000752 6.8750053 6.40000752 0 P 0
L 6.72500814 11.20001316 6.8750053 11.20001316 0 P 0
L 6.72500814 24.0000282 6.8750053 24.0000282 0 P 0
L 6.73100254 19.10299964 6.8809997 19.10299964 0 P 0
L 6.73100254 19.70300098 6.8809997 19.70300098 0 P 0
L 6.73100254 20.30299978 6.8809997 20.30299978 0 P 0
L 6.73100254 20.90300112 6.8809997 20.90300112 0 P 0
L 6.80000672 1.5250033 6.80000672 1.67500046 0 P 0
L 6.80000672 6.32500894 6.80000672 6.4750061 0 P 0
L 6.80000672 11.12501458 6.80000672 11.27501174 0 P 0
L 6.80000672 23.92502962 6.80000672 24.07502678 0 P 0
L 6.80600112 19.02800106 6.80600112 19.17799822 0 P 0
L 6.80600112 19.6280024 6.80600112 19.77799956 0 P 0
L 6.80600112 20.2280012 6.80600112 20.37799836 0 P 0
L 6.80600112 20.82800254 6.80600112 20.9779997 0 P 0
L 6.93172858 12.50027472 7.08172574 12.50027472 0 P 0
L 7.00672716 12.42527614 7.00672716 12.5752733 0 P 0
L 7.12500988 4.0000047 7.27500704 4.0000047 0 P 0
L 7.12500988 8.80001034 7.27500704 8.80001034 0 P 0
L 7.12500988 13.60001598 7.27500704 13.60001598 0 P 0
L 7.12500988 18.40002162 7.27500704 18.40002162 0 P 0
L 7.12500988 23.20002726 7.27500704 23.20002726 0 P 0
L 7.13100174 18.72799912 7.2809989 18.72799912 0 P 0
L 7.13100174 19.40299904 7.2809989 19.40299904 0 P 0
L 7.13100174 20.00300038 7.2809989 20.00300038 0 P 0
L 7.13100174 20.60299918 7.2809989 20.60299918 0 P 0
L 7.13100174 21.20300052 7.2809989 21.20300052 0 P 0
L 7.20000846 3.92500612 7.20000846 4.07500328 0 P 0
L 7.20000846 8.72501176 7.20000846 8.87500892 0 P 0
L 7.20000846 13.5250174 7.20000846 13.67501456 0 P 0
L 7.20000846 18.32502304 7.20000846 18.4750202 0 P 0
L 7.20000846 23.12502868 7.20000846 23.27502584 0 P 0
L 7.20600032 18.65300054 7.20600032 18.8029977 0 P 0
L 7.20600032 19.32800046 7.20600032 19.47799762 0 P 0
L 7.20600032 19.9280018 7.20600032 20.07799896 0 P 0
L 7.20600032 20.5280006 7.20600032 20.67799776 0 P 0
L 7.20600032 21.12800194 7.20600032 21.2779991 0 P 0
L 7.34400106 21.59299974 7.49399822 21.59299974 0 P 0
L 7.34500182 1.0700004 7.49499898 1.0700004 0 P 0
L 7.34500182 2.3400004 7.49499898 2.3400004 0 P 0
L 7.34500182 3.6100004 7.49499898 3.6100004 0 P 0
L 7.34500182 22.6600004 7.49499898 22.6600004 0 P 0
L 7.34500182 23.9300004 7.49499898 23.9300004 0 P 0
L 7.41899964 21.51800116 7.41899964 21.66799832 0 P 0
L 7.4200004 0.99500182 7.4200004 1.14499898 0 P 0
L 7.4200004 2.26500182 7.4200004 2.41499898 0 P 0
L 7.4200004 3.53500182 7.4200004 3.68499898 0 P 0
L 7.4200004 22.58500182 7.4200004 22.73499898 0 P 0
L 7.4200004 23.85500182 7.4200004 24.00499898 0 P 0
L 7.52500908 1.60000188 7.67500624 1.60000188 0 P 0
L 7.52500908 3.20000376 7.67500624 3.20000376 0 P 0
L 7.52500908 4.80000564 7.67500624 4.80000564 0 P 0
L 7.52500908 6.40000752 7.67500624 6.40000752 0 P 0
L 7.52500908 8.0000094 7.67500624 8.0000094 0 P 0
L 7.52500908 9.60001128 7.67500624 9.60001128 0 P 0
L 7.52500908 11.20001316 7.67500624 11.20001316 0 P 0
L 7.52500908 12.80001504 7.67500624 12.80001504 0 P 0
L 7.52500908 14.40001692 7.67500624 14.40001692 0 P 0
L 7.52500908 17.60002068 7.67500624 17.60002068 0 P 0
L 7.53100348 19.10299964 7.68100064 19.10299964 0 P 0
L 7.53100348 19.70300098 7.68100064 19.70300098 0 P 0
L 7.53100348 20.30299978 7.68100064 20.30299978 0 P 0
L 7.53100348 20.90300112 7.68100064 20.90300112 0 P 0
L 7.60000766 1.5250033 7.60000766 1.67500046 0 P 0
L 7.60000766 3.12500518 7.60000766 3.27500234 0 P 0
L 7.60000766 4.72500706 7.60000766 4.87500422 0 P 0
L 7.60000766 6.32500894 7.60000766 6.4750061 0 P 0
L 7.60000766 7.92501082 7.60000766 8.07500798 0 P 0
L 7.60000766 9.5250127 7.60000766 9.67500986 0 P 0
L 7.60000766 11.12501458 7.60000766 11.27501174 0 P 0
L 7.60000766 12.72501646 7.60000766 12.87501362 0 P 0
L 7.60000766 14.32501834 7.60000766 14.4750155 0 P 0
L 7.60000766 17.5250221 7.60000766 17.67501926 0 P 0
L 7.60600206 19.02800106 7.60600206 19.17799822 0 P 0
L 7.60600206 19.6280024 7.60600206 19.77799956 0 P 0
L 7.60600206 20.2280012 7.60600206 20.37799836 0 P 0
L 7.60600206 20.82800254 7.60600206 20.9779997 0 P 0
L 7.90600146 20.00300038 8.05599862 20.00300038 0 P 0
L 7.90600146 20.60299918 8.05599862 20.60299918 0 P 0
L 7.90600146 21.20300052 8.05599862 21.20300052 0 P 0
L 7.92501082 4.0000047 8.07500798 4.0000047 0 P 0
L 7.92501082 8.80001034 8.07500798 8.80001034 0 P 0
L 7.92501082 13.60001598 8.07500798 13.60001598 0 P 0
L 7.92501082 18.40002162 8.07500798 18.40002162 0 P 0
L 7.92501082 23.20002726 8.07500798 23.20002726 0 P 0
L 7.93100268 19.40299904 8.08099984 19.40299904 0 P 0
L 7.94700214 11.97200044 8.0969993 11.97200044 0 P 0
L 7.95300162 12.52199934 8.10299878 12.52199934 0 P 0
L 7.95300162 12.98399994 8.10299878 12.98399994 0 P 0
L 7.95700212 11.50999984 8.10699928 11.50999984 0 P 0
L 7.98100004 19.9280018 7.98100004 20.07799896 0 P 0
L 7.98100004 20.5280006 7.98100004 20.67799776 0 P 0
L 7.98100004 21.12800194 7.98100004 21.2779991 0 P 0
L 8.0000094 3.92500612 8.0000094 4.07500328 0 P 0
L 8.0000094 8.72501176 8.0000094 8.87500892 0 P 0
L 8.0000094 13.5250174 8.0000094 13.67501456 0 P 0
L 8.0000094 18.32502304 8.0000094 18.4750202 0 P 0
L 8.0000094 23.12502868 8.0000094 23.27502584 0 P 0
L 8.00600126 19.32800046 8.00600126 19.47799762 0 P 0
L 8.02200072 11.89700186 8.02200072 12.04699902 0 P 0
L 8.0280002 12.44700076 8.0280002 12.59699792 0 P 0
L 8.0280002 12.90900136 8.0280002 13.05899852 0 P 0
L 8.0320007 11.43500126 8.0320007 11.58499842 0 P 0
L 8.3060032 19.70300098 8.45600036 19.70300098 0 P 0
L 8.3060032 20.90300112 8.45600036 20.90300112 0 P 0
L 8.32501002 1.60000188 8.47500718 1.60000188 0 P 0
L 8.32501002 6.40000752 8.47500718 6.40000752 0 P 0
L 8.32501002 11.20001316 8.47500718 11.20001316 0 P 0
L 8.32800214 11.63299934 8.4779993 11.63299934 0 P 0
L 8.32800214 12.85599918 8.4779993 12.85599918 0 P 0
L 8.38100178 19.6280024 8.38100178 19.77799956 0 P 0
L 8.38100178 20.82800254 8.38100178 20.9779997 0 P 0
L 8.4000086 1.5250033 8.4000086 1.67500046 0 P 0
L 8.4000086 6.32500894 8.4000086 6.4750061 0 P 0
L 8.4000086 11.12501458 8.4000086 11.27501174 0 P 0
L 8.40300072 11.55800076 8.40300072 11.70799792 0 P 0
L 8.40300072 12.7810006 8.40300072 12.93099776 0 P 0
L 8.41600044 20.44899898 8.5659976 20.44899898 0 P 0
L 8.49099902 20.3740004 8.49099902 20.52399756 0 P 0
L 8.61500182 1.0700004 8.76499898 1.0700004 0 P 0
L 8.61500182 2.3400004 8.76499898 2.3400004 0 P 0
L 8.61500182 3.6100004 8.76499898 3.6100004 0 P 0
L 8.61500182 4.8800004 8.76499898 4.8800004 0 P 0
L 8.61500182 21.3900004 8.76499898 21.3900004 0 P 0
L 8.61500182 22.6600004 8.76499898 22.6600004 0 P 0
L 8.61500182 23.9300004 8.76499898 23.9300004 0 P 0
L 8.6900004 0.99500182 8.6900004 1.14499898 0 P 0
L 8.6900004 2.26500182 8.6900004 2.41499898 0 P 0
L 8.6900004 3.53500182 8.6900004 3.68499898 0 P 0
L 8.6900004 4.80500182 8.6900004 4.95499898 0 P 0
L 8.6900004 21.31500182 8.6900004 21.46499898 0 P 0
L 8.6900004 22.58500182 8.6900004 22.73499898 0 P 0
L 8.6900004 23.85500182 8.6900004 24.00499898 0 P 0
L 8.72501176 5.60000658 8.87500892 5.60000658 0 P 0
L 8.72501176 7.20000846 8.87500892 7.20000846 0 P 0
L 8.72501176 8.80001034 8.87500892 8.80001034 0 P 0
L 8.72501176 10.40001222 8.87500892 10.40001222 0 P 0
L 8.72501176 12.0000141 8.87500892 12.0000141 0 P 0
L 8.72501176 13.60001598 8.87500892 13.60001598 0 P 0
L 8.72501176 16.80001974 8.87500892 16.80001974 0 P 0
L 8.72501176 18.40002162 8.87500892 18.40002162 0 P 0
L 8.72501176 20.0000235 8.87500892 20.0000235 0 P 0
L 8.72501176 23.20002726 8.87500892 23.20002726 0 P 0
L 8.80001034 5.525008 8.80001034 5.67500516 0 P 0
L 8.80001034 7.12500988 8.80001034 7.27500704 0 P 0
L 8.80001034 8.72501176 8.80001034 8.87500892 0 P 0
L 8.80001034 10.32501364 8.80001034 10.4750108 0 P 0
L 8.80001034 11.92501552 8.80001034 12.07501268 0 P 0
L 8.80001034 13.5250174 8.80001034 13.67501456 0 P 0
L 8.80001034 16.72502116 8.80001034 16.87501832 0 P 0
L 8.80001034 18.32502304 8.80001034 18.4750202 0 P 0
L 8.80001034 19.92502492 8.80001034 20.07502208 0 P 0
L 8.80001034 23.12502868 8.80001034 23.27502584 0 P 0
L 9.09000214 13.34200024 9.2399993 13.34200024 0 P 0
L 9.12501096 1.60000188 9.27500812 1.60000188 0 P 0
L 9.12501096 6.40000752 9.27500812 6.40000752 0 P 0
L 9.12501096 11.20001316 9.27500812 11.20001316 0 P 0
L 9.12501096 20.80002444 9.27500812 20.80002444 0 P 0
L 9.16500072 13.26700166 9.16500072 13.41699882 0 P 0
L 9.20000954 1.5250033 9.20000954 1.67500046 0 P 0
L 9.20000954 6.32500894 9.20000954 6.4750061 0 P 0
L 9.20000954 11.12501458 9.20000954 11.27501174 0 P 0
L 9.20000954 20.72502586 9.20000954 20.87502302 0 P 0
L 9.47400188 13.28399934 9.62399904 13.28399934 0 P 0
L 9.47400188 13.74599994 9.62399904 13.74599994 0 P 0
L 9.5250127 2.40000282 9.67500986 2.40000282 0 P 0
L 9.5250127 8.80001034 9.67500986 8.80001034 0 P 0
L 9.5250127 16.80001974 9.67500986 16.80001974 0 P 0
L 9.5250127 18.40002162 9.67500986 18.40002162 0 P 0
L 9.5250127 23.20002726 9.67500986 23.20002726 0 P 0
L 9.54900046 13.20900076 9.54900046 13.35899792 0 P 0
L 9.54900046 13.67100136 9.54900046 13.82099852 0 P 0
L 9.60001128 2.32500424 9.60001128 2.4750014 0 P 0
L 9.60001128 8.72501176 9.60001128 8.87500892 0 P 0
L 9.60001128 16.72502116 9.60001128 16.87501832 0 P 0
L 9.60001128 18.32502304 9.60001128 18.4750202 0 P 0
L 9.60001128 23.12502868 9.60001128 23.27502584 0 P 0
L 9.88274884 3.61024932 10.032746 3.61024932 0 P 0
L 9.88500182 1.0700004 10.03499898 1.0700004 0 P 0
L 9.88500182 2.3400004 10.03499898 2.3400004 0 P 0
L 9.88500182 4.8800004 10.03499898 4.8800004 0 P 0
L 9.88500182 21.3900004 10.03499898 21.3900004 0 P 0
L 9.88500182 22.6600004 10.03499898 22.6600004 0 P 0
L 9.88500182 23.9300004 10.03499898 23.9300004 0 P 0
L 9.91100126 19.80699874 10.06099842 19.80699874 0 P 0
L 9.91100126 20.39874762 10.06099842 20.39874762 0 P 0
L 9.9250119 1.60000188 10.07500906 1.60000188 0 P 0
L 9.9250119 6.40000752 10.07500906 6.40000752 0 P 0
L 9.9250119 8.0000094 10.07500906 8.0000094 0 P 0
L 9.9250119 9.60001128 10.07500906 9.60001128 0 P 0
L 9.9250119 11.20001316 10.07500906 11.20001316 0 P 0
L 9.9250119 12.80001504 10.07500906 12.80001504 0 P 0
L 9.9250119 14.40001692 10.07500906 14.40001692 0 P 0
L 9.9250119 17.60002068 10.07500906 17.60002068 0 P 0
L 9.9250119 20.80002444 10.07500906 20.80002444 0 P 0
L 9.95774742 3.53525074 9.95774742 3.6852479 0 P 0
L 9.9600004 0.99500182 9.9600004 1.14499898 0 P 0
L 9.9600004 2.26500182 9.9600004 2.41499898 0 P 0
L 9.9600004 4.80500182 9.9600004 4.95499898 0 P 0
L 9.9600004 21.31500182 9.9600004 21.46499898 0 P 0
L 9.9600004 22.58500182 9.9600004 22.73499898 0 P 0
L 9.9600004 23.85500182 9.9600004 24.00499898 0 P 0
L 9.98599984 19.73200016 9.98599984 19.88199732 0 P 0
L 9.98599984 20.32374904 9.98599984 20.4737462 0 P 0
L 10.00001048 1.5250033 10.00001048 1.67500046 0 P 0
L 10.00001048 6.32500894 10.00001048 6.4750061 0 P 0
L 10.00001048 7.92501082 10.00001048 8.07500798 0 P 0
L 10.00001048 9.5250127 10.00001048 9.67500986 0 P 0
L 10.00001048 11.12501458 10.00001048 11.27501174 0 P 0
L 10.00001048 12.72501646 10.00001048 12.87501362 0 P 0
L 10.00001048 14.32501834 10.00001048 14.4750155 0 P 0
L 10.00001048 17.5250221 10.00001048 17.67501926 0 P 0
L 10.00001048 20.72502586 10.00001048 20.87502302 0 P 0
L 10.08698262 19.4600068 10.23697978 19.4600068 0 P 0
L 10.1619812 19.38500822 10.1619812 19.53500538 0 P 0
L 10.303002 20.09199944 10.45299916 20.09199944 0 P 0
L 10.32501364 4.0000047 10.4750108 4.0000047 0 P 0
L 10.32501364 8.80001034 10.4750108 8.80001034 0 P 0
L 10.32501364 13.60001598 10.4750108 13.60001598 0 P 0
L 10.32501364 16.80001974 10.4750108 16.80001974 0 P 0
L 10.32501364 18.40002162 10.4750108 18.40002162 0 P 0
L 10.32501364 23.20002726 10.4750108 23.20002726 0 P 0
L 10.34098262 20.7300068 10.49097978 20.7300068 0 P 0
L 10.37800058 20.01700086 10.37800058 20.16699802 0 P 0
L 10.40001222 3.92500612 10.40001222 4.07500328 0 P 0
L 10.40001222 8.72501176 10.40001222 8.87500892 0 P 0
L 10.40001222 13.5250174 10.40001222 13.67501456 0 P 0
L 10.40001222 16.72502116 10.40001222 16.87501832 0 P 0
L 10.40001222 18.32502304 10.40001222 18.4750202 0 P 0
L 10.40001222 23.12502868 10.40001222 23.27502584 0 P 0
L 10.4159812 20.65500822 10.4159812 20.80500538 0 P 0
L 10.59498262 19.4600068 10.74497978 19.4600068 0 P 0
L 10.59498262 19.9680068 10.74497978 19.9680068 0 P 0
L 10.6699812 19.38500822 10.6699812 19.53500538 0 P 0
L 10.6699812 19.89300822 10.6699812 20.04300538 0 P 0
L 10.72501284 1.60000188 10.87501 1.60000188 0 P 0
L 10.72501284 4.80000564 10.87501 4.80000564 0 P 0
L 10.72501284 6.40000752 10.87501 6.40000752 0 P 0
L 10.72501284 11.20001316 10.87501 11.20001316 0 P 0
L 10.80001142 1.5250033 10.80001142 1.67500046 0 P 0
L 10.80001142 4.72500706 10.80001142 4.87500422 0 P 0
L 10.80001142 6.32500894 10.80001142 6.4750061 0 P 0
L 10.80001142 11.12501458 10.80001142 11.27501174 0 P 0
L 10.84898262 19.2060068 10.99897978 19.2060068 0 P 0
L 10.84898262 19.7140068 10.99897978 19.7140068 0 P 0
L 10.84898262 20.2220068 10.99897978 20.2220068 0 P 0
L 10.84898262 20.7300068 10.99897978 20.7300068 0 P 0
L 10.9239812 19.13100822 10.9239812 19.28100538 0 P 0
L 10.9239812 19.63900822 10.9239812 19.78900538 0 P 0
L 10.9239812 20.14700822 10.9239812 20.29700538 0 P 0
L 10.9239812 20.65500822 10.9239812 20.80500538 0 P 0
L 11.10298262 19.4600068 11.25297978 19.4600068 0 P 0
L 11.10298262 19.9680068 11.25297978 19.9680068 0 P 0
L 11.10298262 20.4760068 11.25297978 20.4760068 0 P 0
L 11.12501458 7.20000846 11.27501174 7.20000846 0 P 0
L 11.12501458 8.80001034 11.27501174 8.80001034 0 P 0
L 11.12501458 10.40001222 11.27501174 10.40001222 0 P 0
L 11.12501458 12.0000141 11.27501174 12.0000141 0 P 0
L 11.12501458 13.60001598 11.27501174 13.60001598 0 P 0
L 11.12501458 15.20001786 11.27501174 15.20001786 0 P 0
L 11.12501458 16.80001974 11.27501174 16.80001974 0 P 0
L 11.12501458 18.40002162 11.27501174 18.40002162 0 P 0
L 11.12501458 23.20002726 11.27501174 23.20002726 0 P 0
L 11.15500182 1.0700004 11.30499898 1.0700004 0 P 0
L 11.15500182 2.3400004 11.30499898 2.3400004 0 P 0
L 11.15500182 3.6100004 11.30499898 3.6100004 0 P 0
L 11.15500182 4.8800004 11.30499898 4.8800004 0 P 0
L 11.15500182 21.3900004 11.30499898 21.3900004 0 P 0
L 11.15500182 22.6600004 11.30499898 22.6600004 0 P 0
L 11.15500182 23.9300004 11.30499898 23.9300004 0 P 0
L 11.1779812 19.38500822 11.1779812 19.53500538 0 P 0
L 11.1779812 19.89300822 11.1779812 20.04300538 0 P 0
L 11.1779812 20.40100822 11.1779812 20.55100538 0 P 0
L 11.20001316 7.12500988 11.20001316 7.27500704 0 P 0
L 11.20001316 8.72501176 11.20001316 8.87500892 0 P 0
L 11.20001316 10.32501364 11.20001316 10.4750108 0 P 0
L 11.20001316 11.92501552 11.20001316 12.07501268 0 P 0
L 11.20001316 13.5250174 11.20001316 13.67501456 0 P 0
L 11.20001316 15.12501928 11.20001316 15.27501644 0 P 0
L 11.20001316 16.72502116 11.20001316 16.87501832 0 P 0
L 11.20001316 18.32502304 11.20001316 18.4750202 0 P 0
L 11.20001316 23.12502868 11.20001316 23.27502584 0 P 0
L 11.2300004 0.99500182 11.2300004 1.14499898 0 P 0
L 11.2300004 2.26500182 11.2300004 2.41499898 0 P 0
L 11.2300004 3.53500182 11.2300004 3.68499898 0 P 0
L 11.2300004 4.80500182 11.2300004 4.95499898 0 P 0
L 11.2300004 21.31500182 11.2300004 21.46499898 0 P 0
L 11.2300004 22.58500182 11.2300004 22.73499898 0 P 0
L 11.2300004 23.85500182 11.2300004 24.00499898 0 P 0
L 11.29000028 5.63501794 11.43999744 5.63501794 0 P 0
L 11.29000028 6.14301794 11.43999744 6.14301794 0 P 0
L 11.29000028 6.65101794 11.43999744 6.65101794 0 P 0
L 11.35698262 19.2060068 11.50697978 19.2060068 0 P 0
L 11.35698262 19.7140068 11.50697978 19.7140068 0 P 0
L 11.35698262 20.2220068 11.50697978 20.2220068 0 P 0
L 11.35698262 20.7300068 11.50697978 20.7300068 0 P 0
L 11.36499886 5.56001936 11.36499886 5.71001652 0 P 0
L 11.36499886 6.06801936 11.36499886 6.21801652 0 P 0
L 11.36499886 6.57601936 11.36499886 6.72601652 0 P 0
L 11.4319812 19.13100822 11.4319812 19.28100538 0 P 0
L 11.4319812 19.63900822 11.4319812 19.78900538 0 P 0
L 11.4319812 20.14700822 11.4319812 20.29700538 0 P 0
L 11.4319812 20.65500822 11.4319812 20.80500538 0 P 0
L 11.52501378 1.60000188 11.67501094 1.60000188 0 P 0
L 11.52501378 3.20000376 11.67501094 3.20000376 0 P 0
L 11.52501378 11.20001316 11.67501094 11.20001316 0 P 0
L 11.54400028 5.88901794 11.69399744 5.88901794 0 P 0
L 11.54400028 6.39701794 11.69399744 6.39701794 0 P 0
L 11.60001236 1.5250033 11.60001236 1.67500046 0 P 0
L 11.60001236 3.12500518 11.60001236 3.27500234 0 P 0
L 11.60001236 11.12501458 11.60001236 11.27501174 0 P 0
L 11.61098262 19.4600068 11.76097978 19.4600068 0 P 0
L 11.61098262 19.9680068 11.76097978 19.9680068 0 P 0
L 11.61098262 20.4760068 11.76097978 20.4760068 0 P 0
L 11.61899886 5.81401936 11.61899886 5.96401652 0 P 0
L 11.61899886 6.32201936 11.61899886 6.47201652 0 P 0
L 11.6859812 19.38500822 11.6859812 19.53500538 0 P 0
L 11.6859812 19.89300822 11.6859812 20.04300538 0 P 0
L 11.6859812 20.40100822 11.6859812 20.55100538 0 P 0
L 11.79800028 5.63501794 11.94799744 5.63501794 0 P 0
L 11.79800028 6.14301794 11.94799744 6.14301794 0 P 0
L 11.79800028 6.65101794 11.94799744 6.65101794 0 P 0
L 11.86498262 19.2060068 12.01497978 19.2060068 0 P 0
L 11.86498262 19.7140068 12.01497978 19.7140068 0 P 0
L 11.86498262 20.2220068 12.01497978 20.2220068 0 P 0
L 11.86498262 20.7300068 12.01497978 20.7300068 0 P 0
L 11.87299886 5.56001936 11.87299886 5.71001652 0 P 0
L 11.87299886 6.06801936 11.87299886 6.21801652 0 P 0
L 11.87299886 6.57601936 11.87299886 6.72601652 0 P 0
L 11.92501552 13.60001598 12.07501268 13.60001598 0 P 0
L 11.92501552 16.80001974 12.07501268 16.80001974 0 P 0
L 11.92501552 23.20002726 12.07501268 23.20002726 0 P 0
L 11.9399812 19.13100822 11.9399812 19.28100538 0 P 0
L 11.9399812 19.63900822 11.9399812 19.78900538 0 P 0
L 11.9399812 20.14700822 11.9399812 20.29700538 0 P 0
L 11.9399812 20.65500822 11.9399812 20.80500538 0 P 0
L 12.0000141 13.5250174 12.0000141 13.67501456 0 P 0
L 12.0000141 16.72502116 12.0000141 16.87501832 0 P 0
L 12.0000141 23.12502868 12.0000141 23.27502584 0 P 0
L 12.05200028 5.88901794 12.20199744 5.88901794 0 P 0
L 12.05200028 6.39701794 12.20199744 6.39701794 0 P 0
L 12.11898262 19.4600068 12.26897978 19.4600068 0 P 0
L 12.11898262 19.9680068 12.26897978 19.9680068 0 P 0
L 12.11898262 20.4760068 12.26897978 20.4760068 0 P 0
L 12.12699886 5.81401936 12.12699886 5.96401652 0 P 0
L 12.12699886 6.32201936 12.12699886 6.47201652 0 P 0
L 12.1939812 19.38500822 12.1939812 19.53500538 0 P 0
L 12.1939812 19.89300822 12.1939812 20.04300538 0 P 0
L 12.1939812 20.40100822 12.1939812 20.55100538 0 P 0
L 12.2850021 18.3650001 12.43499926 18.3650001 0 P 0
L 12.30600028 5.63501794 12.45599744 5.63501794 0 P 0
L 12.30600028 6.14301794 12.45599744 6.14301794 0 P 0
L 12.30600028 6.65101794 12.45599744 6.65101794 0 P 0
L 12.32501472 1.60000188 12.47501188 1.60000188 0 P 0
L 12.32501472 3.20000376 12.47501188 3.20000376 0 P 0
L 12.32501472 9.60001128 12.47501188 9.60001128 0 P 0
L 12.32501472 11.20001316 12.47501188 11.20001316 0 P 0
L 12.32501472 12.80001504 12.47501188 12.80001504 0 P 0
L 12.32501472 17.60002068 12.47501188 17.60002068 0 P 0
L 12.36000068 18.29000152 12.36000068 18.43999868 0 P 0
L 12.37298262 19.2060068 12.52297978 19.2060068 0 P 0
L 12.37298262 19.7140068 12.52297978 19.7140068 0 P 0
L 12.37298262 20.2220068 12.52297978 20.2220068 0 P 0
L 12.37298262 20.7300068 12.52297978 20.7300068 0 P 0
L 12.38099886 5.56001936 12.38099886 5.71001652 0 P 0
L 12.38099886 6.06801936 12.38099886 6.21801652 0 P 0
L 12.38099886 6.57601936 12.38099886 6.72601652 0 P 0
L 12.4000133 1.5250033 12.4000133 1.67500046 0 P 0
L 12.4000133 3.12500518 12.4000133 3.27500234 0 P 0
L 12.4000133 9.5250127 12.4000133 9.67500986 0 P 0
L 12.4000133 11.12501458 12.4000133 11.27501174 0 P 0
L 12.4000133 12.72501646 12.4000133 12.87501362 0 P 0
L 12.4000133 17.5250221 12.4000133 17.67501926 0 P 0
L 12.4230003 4.32999896 12.57299746 4.32999896 0 P 0
L 12.42500182 1.0700004 12.57499898 1.0700004 0 P 0
L 12.42500182 2.3400004 12.57499898 2.3400004 0 P 0
L 12.42500182 3.6100004 12.57499898 3.6100004 0 P 0
L 12.42500182 4.8800004 12.57499898 4.8800004 0 P 0
L 12.42500182 21.3900004 12.57499898 21.3900004 0 P 0
L 12.42500182 22.6600004 12.57499898 22.6600004 0 P 0
L 12.42500182 23.9300004 12.57499898 23.9300004 0 P 0
L 12.4479812 19.13100822 12.4479812 19.28100538 0 P 0
L 12.4479812 19.63900822 12.4479812 19.78900538 0 P 0
L 12.4479812 20.14700822 12.4479812 20.29700538 0 P 0
L 12.4479812 20.65500822 12.4479812 20.80500538 0 P 0
L 12.49799888 4.25500038 12.49799888 4.40499754 0 P 0
L 12.5000004 0.99500182 12.5000004 1.14499898 0 P 0
L 12.5000004 2.26500182 12.5000004 2.41499898 0 P 0
L 12.5000004 3.53500182 12.5000004 3.68499898 0 P 0
L 12.5000004 4.80500182 12.5000004 4.95499898 0 P 0
L 12.5000004 21.31500182 12.5000004 21.46499898 0 P 0
L 12.5000004 22.58500182 12.5000004 22.73499898 0 P 0
L 12.5000004 23.85500182 12.5000004 24.00499898 0 P 0
L 12.56000028 5.88901794 12.70999744 5.88901794 0 P 0
L 12.56000028 6.39701794 12.70999744 6.39701794 0 P 0
L 12.62698262 19.4600068 12.77697978 19.4600068 0 P 0
L 12.62698262 19.9680068 12.77697978 19.9680068 0 P 0
L 12.62698262 20.4760068 12.77697978 20.4760068 0 P 0
L 12.63499886 5.81401936 12.63499886 5.96401652 0 P 0
L 12.63499886 6.32201936 12.63499886 6.47201652 0 P 0
L 12.6350014 18.3650001 12.78499856 18.3650001 0 P 0
L 12.7019812 19.38500822 12.7019812 19.53500538 0 P 0
L 12.7019812 19.89300822 12.7019812 20.04300538 0 P 0
L 12.7019812 20.40100822 12.7019812 20.55100538 0 P 0
L 12.70999998 18.29000152 12.70999998 18.43999868 0 P 0
L 12.72501646 4.0000047 12.87501362 4.0000047 0 P 0
L 12.72501646 13.60001598 12.87501362 13.60001598 0 P 0
L 12.72501646 16.80001974 12.87501362 16.80001974 0 P 0
L 12.72501646 23.20002726 12.87501362 23.20002726 0 P 0
L 12.80001504 3.92500612 12.80001504 4.07500328 0 P 0
L 12.80001504 13.5250174 12.80001504 13.67501456 0 P 0
L 12.80001504 16.72502116 12.80001504 16.87501832 0 P 0
L 12.80001504 23.12502868 12.80001504 23.27502584 0 P 0
L 12.81400028 5.63501794 12.96399744 5.63501794 0 P 0
L 12.81400028 6.14301794 12.96399744 6.14301794 0 P 0
L 12.81400028 6.65101794 12.96399744 6.65101794 0 P 0
L 12.88098262 19.2060068 13.03097978 19.2060068 0 P 0
L 12.88098262 19.7140068 13.03097978 19.7140068 0 P 0
L 12.88098262 20.2220068 13.03097978 20.2220068 0 P 0
L 12.88098262 20.7300068 13.03097978 20.7300068 0 P 0
L 12.88899886 5.56001936 12.88899886 5.71001652 0 P 0
L 12.88899886 6.06801936 12.88899886 6.21801652 0 P 0
L 12.88899886 6.57601936 12.88899886 6.72601652 0 P 0
L 12.9559812 19.13100822 12.9559812 19.28100538 0 P 0
L 12.9559812 19.63900822 12.9559812 19.78900538 0 P 0
L 12.9559812 20.14700822 12.9559812 20.29700538 0 P 0
L 12.9559812 20.65500822 12.9559812 20.80500538 0 P 0
L 12.98500324 18.3650001 13.1350004 18.3650001 0 P 0
L 13.06000182 18.29000152 13.06000182 18.43999868 0 P 0
L 13.06800028 5.88901794 13.21799744 5.88901794 0 P 0
L 13.06800028 6.39701794 13.21799744 6.39701794 0 P 0
L 13.12501566 1.60000188 13.27501282 1.60000188 0 P 0
L 13.12501566 11.20001316 13.27501282 11.20001316 0 P 0
L 13.12501566 22.40002632 13.27501282 22.40002632 0 P 0
L 13.13498262 19.4600068 13.28497978 19.4600068 0 P 0
L 13.13498262 19.9680068 13.28497978 19.9680068 0 P 0
L 13.13498262 20.4760068 13.28497978 20.4760068 0 P 0
L 13.14000166 3.82199896 13.28999882 3.82199896 0 P 0
L 13.14299886 5.81401936 13.14299886 5.96401652 0 P 0
L 13.14299886 6.32201936 13.14299886 6.47201652 0 P 0
L 13.20001424 1.5250033 13.20001424 1.67500046 0 P 0
L 13.20001424 11.12501458 13.20001424 11.27501174 0 P 0
L 13.20001424 22.32502774 13.20001424 22.4750249 0 P 0
L 13.2099812 19.38500822 13.2099812 19.53500538 0 P 0
L 13.2099812 19.89300822 13.2099812 20.04300538 0 P 0
L 13.2099812 20.40100822 13.2099812 20.55100538 0 P 0
L 13.21500024 3.74700038 13.21500024 3.89699754 0 P 0
L 13.24600094 3.12300112 13.3959981 3.12300112 0 P 0
L 13.32099952 3.04800254 13.32099952 3.1979997 0 P 0
L 13.32200028 5.63501794 13.47199744 5.63501794 0 P 0
L 13.32200028 6.14301794 13.47199744 6.14301794 0 P 0
L 13.33500254 18.3650001 13.4849997 18.3650001 0 P 0
L 13.38898262 19.2060068 13.53897978 19.2060068 0 P 0
L 13.38898262 19.7140068 13.53897978 19.7140068 0 P 0
L 13.38898262 20.2220068 13.53897978 20.2220068 0 P 0
L 13.38898262 20.7300068 13.53897978 20.7300068 0 P 0
L 13.39699886 5.56001936 13.39699886 5.71001652 0 P 0
L 13.39699886 6.06801936 13.39699886 6.21801652 0 P 0
L 13.41000112 18.29000152 13.41000112 18.43999868 0 P 0
L 13.4639812 19.13100822 13.4639812 19.28100538 0 P 0
L 13.4639812 19.63900822 13.4639812 19.78900538 0 P 0
L 13.4639812 20.14700822 13.4639812 20.29700538 0 P 0
L 13.4639812 20.65500822 13.4639812 20.80500538 0 P 0
L 13.5250174 8.80001034 13.67501456 8.80001034 0 P 0
L 13.5250174 10.40001222 13.67501456 10.40001222 0 P 0
L 13.5250174 12.0000141 13.67501456 12.0000141 0 P 0
L 13.5250174 13.60001598 13.67501456 13.60001598 0 P 0
L 13.5250174 16.80001974 13.67501456 16.80001974 0 P 0
L 13.5250174 23.20002726 13.67501456 23.20002726 0 P 0
L 13.60001598 8.72501176 13.60001598 8.87500892 0 P 0
L 13.60001598 10.32501364 13.60001598 10.4750108 0 P 0
L 13.60001598 11.92501552 13.60001598 12.07501268 0 P 0
L 13.60001598 13.5250174 13.60001598 13.67501456 0 P 0
L 13.60001598 16.72502116 13.60001598 16.87501832 0 P 0
L 13.60001598 23.12502868 13.60001598 23.27502584 0 P 0
L 13.64298262 19.4600068 13.79297978 19.4600068 0 P 0
L 13.64298262 19.9680068 13.79297978 19.9680068 0 P 0
L 13.64298262 20.4760068 13.79297978 20.4760068 0 P 0
L 13.69274884 1.07024932 13.842746 1.07024932 0 P 0
L 13.69274884 3.61024932 13.842746 3.61024932 0 P 0
L 13.69500182 2.3400004 13.84499898 2.3400004 0 P 0
L 13.69500182 4.8800004 13.84499898 4.8800004 0 P 0
L 13.69500182 21.3900004 13.84499898 21.3900004 0 P 0
L 13.69500182 22.6600004 13.84499898 22.6600004 0 P 0
L 13.69500182 23.9300004 13.84499898 23.9300004 0 P 0
L 13.7179812 19.38500822 13.7179812 19.53500538 0 P 0
L 13.7179812 19.89300822 13.7179812 20.04300538 0 P 0
L 13.7179812 20.40100822 13.7179812 20.55100538 0 P 0
L 13.76774742 0.99525074 13.76774742 1.1452479 0 P 0
L 13.76774742 3.53525074 13.76774742 3.6852479 0 P 0
L 13.7700004 2.26500182 13.7700004 2.41499898 0 P 0
L 13.7700004 4.80500182 13.7700004 4.95499898 0 P 0
L 13.7700004 21.31500182 13.7700004 21.46499898 0 P 0
L 13.7700004 22.58500182 13.7700004 22.73499898 0 P 0
L 13.7700004 23.85500182 13.7700004 24.00499898 0 P 0
L 13.89698262 19.2060068 14.04697978 19.2060068 0 P 0
L 13.89698262 19.7140068 14.04697978 19.7140068 0 P 0
L 13.89698262 20.2220068 14.04697978 20.2220068 0 P 0
L 13.89698262 20.7300068 14.04697978 20.7300068 0 P 0
L 13.9250166 1.60000188 14.07501376 1.60000188 0 P 0
L 13.9250166 11.20001316 14.07501376 11.20001316 0 P 0
L 13.9250166 22.40002632 14.07501376 22.40002632 0 P 0
L 13.9719812 19.13100822 13.9719812 19.28100538 0 P 0
L 13.9719812 19.63900822 13.9719812 19.78900538 0 P 0
L 13.9719812 20.14700822 13.9719812 20.29700538 0 P 0
L 13.9719812 20.65500822 13.9719812 20.80500538 0 P 0
L 13.98800098 18.3839993 14.13799814 18.3839993 0 P 0
L 14.00001518 1.5250033 14.00001518 1.67500046 0 P 0
L 14.00001518 11.12501458 14.00001518 11.27501174 0 P 0
L 14.00001518 22.32502774 14.00001518 22.4750249 0 P 0
L 14.06299956 18.30900072 14.06299956 18.45899788 0 P 0
L 14.15098262 19.4600068 14.30097978 19.4600068 0 P 0
L 14.15098262 19.9680068 14.30097978 19.9680068 0 P 0
L 14.15098262 20.4760068 14.30097978 20.4760068 0 P 0
L 14.2259812 19.38500822 14.2259812 19.53500538 0 P 0
L 14.2259812 19.89300822 14.2259812 20.04300538 0 P 0
L 14.2259812 20.40100822 14.2259812 20.55100538 0 P 0
L 14.32501834 4.0000047 14.4750155 4.0000047 0 P 0
L 14.32501834 8.80001034 14.4750155 8.80001034 0 P 0
L 14.32501834 13.60001598 14.4750155 13.60001598 0 P 0
L 14.32501834 23.20002726 14.4750155 23.20002726 0 P 0
L 14.40001692 3.92500612 14.40001692 4.07500328 0 P 0
L 14.40001692 8.72501176 14.40001692 8.87500892 0 P 0
L 14.40001692 13.5250174 14.40001692 13.67501456 0 P 0
L 14.40001692 23.12502868 14.40001692 23.27502584 0 P 0
L 14.40498262 19.20600426 14.55497978 19.20600426 0 P 0
L 14.40498262 19.7140068 14.55497978 19.7140068 0 P 0
L 14.40498262 20.2220068 14.55497978 20.2220068 0 P 0
L 14.40498262 20.7300068 14.55497978 20.7300068 0 P 0
L 14.4799812 19.13100568 14.4799812 19.28100284 0 P 0
L 14.4799812 19.63900822 14.4799812 19.78900538 0 P 0
L 14.4799812 20.14700822 14.4799812 20.29700538 0 P 0
L 14.4799812 20.65500822 14.4799812 20.80500538 0 P 0
L 14.5569813 11.29397792 14.70697846 11.29397792 0 P 0
L 14.5569813 11.89397672 14.70697846 11.89397672 0 P 0
L 14.63197988 11.21897934 14.63197988 11.3689765 0 P 0
L 14.63197988 11.81897814 14.63197988 11.9689753 0 P 0
L 14.65898262 19.4600068 14.80897978 19.4600068 0 P 0
L 14.65898262 19.9680068 14.80897978 19.9680068 0 P 0
L 14.65898262 20.4760068 14.80897978 20.4760068 0 P 0
L 14.72501754 1.60000188 14.8750147 1.60000188 0 P 0
L 14.72501754 3.20000376 14.8750147 3.20000376 0 P 0
L 14.72501754 8.0000094 14.8750147 8.0000094 0 P 0
L 14.72501754 9.60001128 14.8750147 9.60001128 0 P 0
L 14.72501754 12.80001504 14.8750147 12.80001504 0 P 0
L 14.72501754 14.40001692 14.8750147 14.40001692 0 P 0
L 14.72501754 22.40002632 14.8750147 22.40002632 0 P 0
L 14.7339812 19.38500822 14.7339812 19.53500538 0 P 0
L 14.7339812 19.89300822 14.7339812 20.04300538 0 P 0
L 14.7339812 20.40100822 14.7339812 20.55100538 0 P 0
L 14.7750022 18.37799982 14.92499936 18.37799982 0 P 0
L 14.80001612 1.5250033 14.80001612 1.67500046 0 P 0
L 14.80001612 3.12500518 14.80001612 3.27500234 0 P 0
L 14.80001612 7.92501082 14.80001612 8.07500798 0 P 0
L 14.80001612 9.5250127 14.80001612 9.67500986 0 P 0
L 14.80001612 12.72501646 14.80001612 12.87501362 0 P 0
L 14.80001612 14.32501834 14.80001612 14.4750155 0 P 0
L 14.80001612 22.32502774 14.80001612 22.4750249 0 P 0
L 14.85000078 18.30300124 14.85000078 18.4529984 0 P 0
L 14.91298262 19.2060068 15.06297978 19.2060068 0 P 0
L 14.91298262 19.7140068 15.06297978 19.7140068 0 P 0
L 14.91298262 20.9840068 15.06297978 20.9840068 0 P 0
L 14.96500182 1.0700004 15.11499898 1.0700004 0 P 0
L 14.96500182 2.3400004 15.11499898 2.3400004 0 P 0
L 14.96500182 3.6100004 15.11499898 3.6100004 0 P 0
L 14.96500182 4.8800004 15.11499898 4.8800004 0 P 0
L 14.96500182 21.3900004 15.11499898 21.3900004 0 P 0
L 14.96500182 22.6600004 15.11499898 22.6600004 0 P 0
L 14.96500182 23.9300004 15.11499898 23.9300004 0 P 0
L 14.9879812 19.13100822 14.9879812 19.28100538 0 P 0
L 14.9879812 19.63900822 14.9879812 19.78900538 0 P 0
L 14.9879812 20.90900822 14.9879812 21.05900538 0 P 0
L 15.0400004 0.99500182 15.0400004 1.14499898 0 P 0
L 15.0400004 2.26500182 15.0400004 2.41499898 0 P 0
L 15.0400004 3.53500182 15.0400004 3.68499898 0 P 0
L 15.0400004 4.80500182 15.0400004 4.95499898 0 P 0
L 15.0400004 21.31500182 15.0400004 21.46499898 0 P 0
L 15.0400004 22.58500182 15.0400004 22.73499898 0 P 0
L 15.0400004 23.85500182 15.0400004 24.00499898 0 P 0
L 15.12501928 4.0000047 15.27501644 4.0000047 0 P 0
L 15.12501928 8.80001034 15.27501644 8.80001034 0 P 0
L 15.12501928 23.20002726 15.27501644 23.20002726 0 P 0
L 15.16698262 19.4600068 15.31697978 19.4600068 0 P 0
L 15.16698262 20.2220068 15.31697978 20.2220068 0 P 0
L 15.1717502 18.3879998 15.32174736 18.3879998 0 P 0
L 15.20001786 3.92500612 15.20001786 4.07500328 0 P 0
L 15.20001786 8.72501176 15.20001786 8.87500892 0 P 0
L 15.20001786 23.12502868 15.20001786 23.27502584 0 P 0
L 15.2419812 19.38500822 15.2419812 19.53500538 0 P 0
L 15.2419812 20.14700822 15.2419812 20.29700538 0 P 0
L 15.24674878 18.31300122 15.24674878 18.46299838 0 P 0
L 15.3769949 11.29397792 15.52699206 11.29397792 0 P 0
L 15.3769949 11.89397672 15.52699206 11.89397672 0 P 0
L 15.3769949 13.10403272 15.52699206 13.10403272 0 P 0
L 15.3769949 13.70403152 15.52699206 13.70403152 0 P 0
L 15.45199348 11.21897934 15.45199348 11.3689765 0 P 0
L 15.45199348 11.81897814 15.45199348 11.9689753 0 P 0
L 15.45199348 13.02903414 15.45199348 13.1790313 0 P 0
L 15.45199348 13.62903294 15.45199348 13.7790301 0 P 0
L 15.52501848 1.60000188 15.67501564 1.60000188 0 P 0
L 15.52501848 6.40000752 15.67501564 6.40000752 0 P 0
L 15.52501848 17.60002068 15.67501564 17.60002068 0 P 0
L 15.52501848 20.80002444 15.67501564 20.80002444 0 P 0
L 15.52501848 22.40002632 15.67501564 22.40002632 0 P 0
L 15.60001706 1.5250033 15.60001706 1.67500046 0 P 0
L 15.60001706 6.32500894 15.60001706 6.4750061 0 P 0
L 15.60001706 17.5250221 15.60001706 17.67501926 0 P 0
L 15.60001706 20.72502586 15.60001706 20.87502302 0 P 0
L 15.60001706 22.32502774 15.60001706 22.4750249 0 P 0
L 15.92502022 0.80000094 16.07501738 0.80000094 0 P 0
L 15.92502022 4.0000047 16.07501738 4.0000047 0 P 0
L 15.92502022 5.60000658 16.07501738 5.60000658 0 P 0
L 15.92502022 7.20000846 16.07501738 7.20000846 0 P 0
L 15.92502022 8.80001034 16.07501738 8.80001034 0 P 0
L 15.92502022 10.40001222 16.07501738 10.40001222 0 P 0
L 15.92502022 15.20001786 16.07501738 15.20001786 0 P 0
L 15.92502022 20.0000235 16.07501738 20.0000235 0 P 0
L 15.92502022 21.60002538 16.07501738 21.60002538 0 P 0
L 15.92502022 23.20002726 16.07501738 23.20002726 0 P 0
L 16.0000188 0.72500236 16.0000188 0.87499952 0 P 0
L 16.0000188 3.92500612 16.0000188 4.07500328 0 P 0
L 16.0000188 5.525008 16.0000188 5.67500516 0 P 0
L 16.0000188 7.12500988 16.0000188 7.27500704 0 P 0
L 16.0000188 8.72501176 16.0000188 8.87500892 0 P 0
L 16.0000188 10.32501364 16.0000188 10.4750108 0 P 0
L 16.0000188 15.12501928 16.0000188 15.27501644 0 P 0
L 16.0000188 19.92502492 16.0000188 20.07502208 0 P 0
L 16.0000188 21.5250268 16.0000188 21.67502396 0 P 0
L 16.0000188 23.12502868 16.0000188 23.27502584 0 P 0
L 16.1970085 11.29397792 16.34700566 11.29397792 0 P 0
L 16.1970085 11.89397672 16.34700566 11.89397672 0 P 0
L 16.1970085 13.10403272 16.34700566 13.10403272 0 P 0
L 16.1970085 13.70403152 16.34700566 13.70403152 0 P 0
L 16.23274884 3.61024932 16.382746 3.61024932 0 P 0
L 16.23500182 1.0700004 16.38499898 1.0700004 0 P 0
L 16.23500182 2.3400004 16.38499898 2.3400004 0 P 0
L 16.23500182 4.8800004 16.38499898 4.8800004 0 P 0
L 16.23500182 21.3900004 16.38499898 21.3900004 0 P 0
L 16.23500182 22.6600004 16.38499898 22.6600004 0 P 0
L 16.23500182 23.9300004 16.38499898 23.9300004 0 P 0
L 16.27200708 11.21897934 16.27200708 11.3689765 0 P 0
L 16.27200708 11.81897814 16.27200708 11.9689753 0 P 0
L 16.27200708 13.02903414 16.27200708 13.1790313 0 P 0
L 16.27200708 13.62903294 16.27200708 13.7790301 0 P 0
L 16.30774742 3.53525074 16.30774742 3.6852479 0 P 0
L 16.3100004 0.99500182 16.3100004 1.14499898 0 P 0
L 16.3100004 2.26500182 16.3100004 2.41499898 0 P 0
L 16.3100004 4.80500182 16.3100004 4.95499898 0 P 0
L 16.3100004 21.31500182 16.3100004 21.46499898 0 P 0
L 16.3100004 22.58500182 16.3100004 22.73499898 0 P 0
L 16.3100004 23.85500182 16.3100004 24.00499898 0 P 0
L 16.32501942 1.60000188 16.47501658 1.60000188 0 P 0
L 16.32501942 6.40000752 16.47501658 6.40000752 0 P 0
L 16.400018 1.5250033 16.400018 1.67500046 0 P 0
L 16.400018 6.32500894 16.400018 6.4750061 0 P 0
L 16.72502116 4.0000047 16.87501832 4.0000047 0 P 0
L 16.72502116 8.80001034 16.87501832 8.80001034 0 P 0
L 16.72502116 12.0000141 16.87501832 12.0000141 0 P 0
L 16.72502116 18.40002162 16.87501832 18.40002162 0 P 0
L 16.72502116 20.0000235 16.87501832 20.0000235 0 P 0
L 16.72502116 23.20002726 16.87501832 23.20002726 0 P 0
L 16.80001974 3.92500612 16.80001974 4.07500328 0 P 0
L 16.80001974 8.72501176 16.80001974 8.87500892 0 P 0
L 16.80001974 11.92501552 16.80001974 12.07501268 0 P 0
L 16.80001974 18.32502304 16.80001974 18.4750202 0 P 0
L 16.80001974 19.92502492 16.80001974 20.07502208 0 P 0
L 16.80001974 23.12502868 16.80001974 23.27502584 0 P 0
L 17.0170221 11.29397792 17.16701926 11.29397792 0 P 0
L 17.0170221 11.89397672 17.16701926 11.89397672 0 P 0
L 17.0170221 13.10403272 17.16701926 13.10403272 0 P 0
L 17.0170221 13.70403152 17.16701926 13.70403152 0 P 0
L 17.09202068 11.21897934 17.09202068 11.3689765 0 P 0
L 17.09202068 11.81897814 17.09202068 11.9689753 0 P 0
L 17.09202068 13.02903414 17.09202068 13.1790313 0 P 0
L 17.09202068 13.62903294 17.09202068 13.7790301 0 P 0
L 17.12502036 1.60000188 17.27501752 1.60000188 0 P 0
L 17.12502036 3.20000376 17.27501752 3.20000376 0 P 0
L 17.12502036 4.80000564 17.27501752 4.80000564 0 P 0
L 17.12502036 6.40000752 17.27501752 6.40000752 0 P 0
L 17.12502036 8.0000094 17.27501752 8.0000094 0 P 0
L 17.12502036 9.60001128 17.27501752 9.60001128 0 P 0
L 17.12502036 12.80001504 17.27501752 12.80001504 0 P 0
L 17.12502036 17.60002068 17.27501752 17.60002068 0 P 0
L 17.12502036 19.20002256 17.27501752 19.20002256 0 P 0
L 17.12502036 20.80002444 17.27501752 20.80002444 0 P 0
L 17.12502036 22.40002632 17.27501752 22.40002632 0 P 0
L 17.20001894 1.5250033 17.20001894 1.67500046 0 P 0
L 17.20001894 3.12500518 17.20001894 3.27500234 0 P 0
L 17.20001894 4.72500706 17.20001894 4.87500422 0 P 0
L 17.20001894 6.32500894 17.20001894 6.4750061 0 P 0
L 17.20001894 7.92501082 17.20001894 8.07500798 0 P 0
L 17.20001894 9.5250127 17.20001894 9.67500986 0 P 0
L 17.20001894 12.72501646 17.20001894 12.87501362 0 P 0
L 17.20001894 17.5250221 17.20001894 17.67501926 0 P 0
L 17.20001894 19.12502398 17.20001894 19.27502114 0 P 0
L 17.20001894 20.72502586 17.20001894 20.87502302 0 P 0
L 17.20001894 22.32502774 17.20001894 22.4750249 0 P 0
L 17.43698062 19.3480182 17.58697778 19.3480182 0 P 0
L 17.43698062 19.8560182 17.58697778 19.8560182 0 P 0
L 17.46300038 21.852001 17.61299754 21.852001 0 P 0
L 17.50500182 1.0700004 17.65499898 1.0700004 0 P 0
L 17.50500182 2.3400004 17.65499898 2.3400004 0 P 0
L 17.50500182 3.6100004 17.65499898 3.6100004 0 P 0
L 17.50500182 4.8800004 17.65499898 4.8800004 0 P 0
L 17.50500182 22.6600004 17.65499898 22.6600004 0 P 0
L 17.50500182 23.9300004 17.65499898 23.9300004 0 P 0
L 17.5119792 19.27301962 17.5119792 19.42301678 0 P 0
L 17.5119792 19.78101962 17.5119792 19.93101678 0 P 0
L 17.5250221 4.0000047 17.67501926 4.0000047 0 P 0
L 17.5250221 8.80001034 17.67501926 8.80001034 0 P 0
L 17.5250221 23.20002726 17.67501926 23.20002726 0 P 0
L 17.53201472 17.72927112 17.68201188 17.72927112 0 P 0
L 17.53201472 18.07901896 17.68201188 18.07901896 0 P 0
L 17.53799896 21.77700242 17.53799896 21.92699958 0 P 0
L 17.5800004 0.99500182 17.5800004 1.14499898 0 P 0
L 17.5800004 2.26500182 17.5800004 2.41499898 0 P 0
L 17.5800004 3.53500182 17.5800004 3.68499898 0 P 0
L 17.5800004 4.80500182 17.5800004 4.95499898 0 P 0
L 17.5800004 22.58500182 17.5800004 22.73499898 0 P 0
L 17.5800004 23.85500182 17.5800004 24.00499898 0 P 0
L 17.60002068 3.92500612 17.60002068 4.07500328 0 P 0
L 17.60002068 8.72501176 17.60002068 8.87500892 0 P 0
L 17.60002068 23.12502868 17.60002068 23.27502584 0 P 0
L 17.6070133 17.65427254 17.6070133 17.8042697 0 P 0
L 17.6070133 18.00402038 17.6070133 18.15401754 0 P 0
L 17.6139983 21.1860003 17.76399546 21.1860003 0 P 0
L 17.6139983 21.53574814 17.76399546 21.53574814 0 P 0
L 17.68899688 21.11100172 17.68899688 21.26099888 0 P 0
L 17.68899688 21.46074956 17.68899688 21.61074672 0 P 0
L 17.69098062 18.5860182 17.84097778 18.5860182 0 P 0
L 17.69098062 19.0940182 17.84097778 19.0940182 0 P 0
L 17.69098062 19.6020182 17.84097778 19.6020182 0 P 0
L 17.69098062 20.1100182 17.84097778 20.1100182 0 P 0
L 17.69098062 20.6180182 17.84097778 20.6180182 0 P 0
L 17.7659792 18.51101962 17.7659792 18.66101678 0 P 0
L 17.7659792 19.01901962 17.7659792 19.16901678 0 P 0
L 17.7659792 19.52701962 17.7659792 19.67701678 0 P 0
L 17.7659792 20.03501962 17.7659792 20.18501678 0 P 0
L 17.7659792 20.54301962 17.7659792 20.69301678 0 P 0
L 17.8369849 11.29397792 17.98698206 11.29397792 0 P 0
L 17.8369849 11.89397672 17.98698206 11.89397672 0 P 0
L 17.8369849 13.10403272 17.98698206 13.10403272 0 P 0
L 17.8369849 13.70403152 17.98698206 13.70403152 0 P 0
L 17.85701534 17.90402058 18.0070125 17.90402058 0 P 0
L 17.91198348 11.21897934 17.91198348 11.3689765 0 P 0
L 17.91198348 11.81897814 17.91198348 11.9689753 0 P 0
L 17.91198348 13.02903414 17.91198348 13.1790313 0 P 0
L 17.91198348 13.62903294 17.91198348 13.7790301 0 P 0
L 17.9250213 1.60000188 18.07501846 1.60000188 0 P 0
L 17.9250213 6.40000752 18.07501846 6.40000752 0 P 0
L 17.9250213 22.40002632 18.07501846 22.40002632 0 P 0
L 17.93201392 17.829022 17.93201392 17.97901916 0 P 0
L 17.93899892 21.36099868 18.08899608 21.36099868 0 P 0
L 17.94498062 18.3320182 18.09497778 18.3320182 0 P 0
L 17.94498062 18.8400182 18.09497778 18.8400182 0 P 0
L 17.94498062 19.3480182 18.09497778 19.3480182 0 P 0
L 17.94498062 19.8560182 18.09497778 19.8560182 0 P 0
L 17.94498062 20.3640182 18.09497778 20.3640182 0 P 0
L 17.94498062 20.8720182 18.09497778 20.8720182 0 P 0
L 18.00001988 1.5250033 18.00001988 1.67500046 0 P 0
L 18.00001988 6.32500894 18.00001988 6.4750061 0 P 0
L 18.00001988 22.32502774 18.00001988 22.4750249 0 P 0
L 18.0139975 21.2860001 18.0139975 21.43599726 0 P 0
L 18.0199792 18.25701962 18.0199792 18.40701678 0 P 0
L 18.0199792 18.76501962 18.0199792 18.91501678 0 P 0
L 18.0199792 19.27301962 18.0199792 19.42301678 0 P 0
L 18.0199792 19.78101962 18.0199792 19.93101678 0 P 0
L 18.0199792 20.28901962 18.0199792 20.43901678 0 P 0
L 18.0199792 20.79701962 18.0199792 20.94701678 0 P 0
L 18.18201596 17.72927112 18.33201312 17.72927112 0 P 0
L 18.18201596 18.07901896 18.33201312 18.07901896 0 P 0
L 18.19898062 18.5860182 18.34897778 18.5860182 0 P 0
L 18.19898062 19.0940182 18.34897778 19.0940182 0 P 0
L 18.19898062 19.6020182 18.34897778 19.6020182 0 P 0
L 18.19898062 20.1100182 18.34897778 20.1100182 0 P 0
L 18.25701454 17.65427254 18.25701454 17.8042697 0 P 0
L 18.25701454 18.00402038 18.25701454 18.15401754 0 P 0
L 18.26399954 21.1860003 18.4139967 21.1860003 0 P 0
L 18.26399954 21.53574814 18.4139967 21.53574814 0 P 0
L 18.2739792 18.51101962 18.2739792 18.66101678 0 P 0
L 18.2739792 19.01901962 18.2739792 19.16901678 0 P 0
L 18.2739792 19.52701962 18.2739792 19.67701678 0 P 0
L 18.2739792 20.03501962 18.2739792 20.18501678 0 P 0
L 18.32502304 0.80000094 18.4750202 0.80000094 0 P 0
L 18.32502304 2.40000282 18.4750202 2.40000282 0 P 0
L 18.32502304 4.0000047 18.4750202 4.0000047 0 P 0
L 18.32502304 5.60000658 18.4750202 5.60000658 0 P 0
L 18.32502304 7.20000846 18.4750202 7.20000846 0 P 0
L 18.32502304 8.80001034 18.4750202 8.80001034 0 P 0
L 18.32502304 10.40001222 18.4750202 10.40001222 0 P 0
L 18.32502304 12.0000141 18.4750202 12.0000141 0 P 0
L 18.32502304 15.20001786 18.4750202 15.20001786 0 P 0
L 18.32502304 23.20002726 18.4750202 23.20002726 0 P 0
L 18.33899812 21.11100172 18.33899812 21.26099888 0 P 0
L 18.33899812 21.46074956 18.33899812 21.61074672 0 P 0
L 18.40002162 0.72500236 18.40002162 0.87499952 0 P 0
L 18.40002162 2.32500424 18.40002162 2.4750014 0 P 0
L 18.40002162 3.92500612 18.40002162 4.07500328 0 P 0
L 18.40002162 5.525008 18.40002162 5.67500516 0 P 0
L 18.40002162 7.12500988 18.40002162 7.27500704 0 P 0
L 18.40002162 8.72501176 18.40002162 8.87500892 0 P 0
L 18.40002162 10.32501364 18.40002162 10.4750108 0 P 0
L 18.40002162 11.92501552 18.40002162 12.07501268 0 P 0
L 18.40002162 15.12501928 18.40002162 15.27501644 0 P 0
L 18.40002162 23.12502868 18.40002162 23.27502584 0 P 0
L 18.40601602 17.13627002 18.55601318 17.13627002 0 P 0
L 18.45298062 18.8400182 18.60297778 18.8400182 0 P 0
L 18.45298062 19.3480182 18.60297778 19.3480182 0 P 0
L 18.45298062 19.8560182 18.60297778 19.8560182 0 P 0
L 18.45298062 20.3640182 18.60297778 20.3640182 0 P 0
L 18.4810146 17.06127144 18.4810146 17.2112686 0 P 0
L 18.49300086 22.20699902 18.64299802 22.20699902 0 P 0
L 18.50701658 17.90402058 18.65701374 17.90402058 0 P 0
L 18.5279792 18.76501962 18.5279792 18.91501678 0 P 0
L 18.5279792 19.27301962 18.5279792 19.42301678 0 P 0
L 18.5279792 19.78101962 18.5279792 19.93101678 0 P 0
L 18.5279792 20.28901962 18.5279792 20.43901678 0 P 0
L 18.56799944 22.13200044 18.56799944 22.2819976 0 P 0
L 18.58201516 17.829022 18.58201516 17.97901916 0 P 0
L 18.58900016 21.36099868 18.73899732 21.36099868 0 P 0
L 18.64801452 16.81027118 18.79801168 16.81027118 0 P 0
L 18.6569985 11.29397792 18.80699566 11.29397792 0 P 0
L 18.6569985 11.89397672 18.80699566 11.89397672 0 P 0
L 18.6569985 13.10403272 18.80699566 13.10403272 0 P 0
L 18.6569985 13.70403152 18.80699566 13.70403152 0 P 0
L 18.66399874 21.2860001 18.66399874 21.43599726 0 P 0
L 18.70698062 18.5860182 18.85697778 18.5860182 0 P 0
L 18.70698062 19.0940182 18.85697778 19.0940182 0 P 0
L 18.70698062 19.6020182 18.85697778 19.6020182 0 P 0
L 18.70698062 20.1100182 18.85697778 20.1100182 0 P 0
L 18.7230131 16.7352726 18.7230131 16.88526976 0 P 0
L 18.72502224 1.60000188 18.8750194 1.60000188 0 P 0
L 18.72502224 6.40000752 18.8750194 6.40000752 0 P 0
L 18.72502224 16.0000188 18.8750194 16.0000188 0 P 0
L 18.72502224 20.80002444 18.8750194 20.80002444 0 P 0
L 18.73199708 11.21897934 18.73199708 11.3689765 0 P 0
L 18.73199708 11.81897814 18.73199708 11.9689753 0 P 0
L 18.73199708 13.02903414 18.73199708 13.1790313 0 P 0
L 18.73199708 13.62903294 18.73199708 13.7790301 0 P 0
L 18.77274884 2.34024932 18.922746 2.34024932 0 P 0
L 18.77500182 1.0700004 18.92499898 1.0700004 0 P 0
L 18.77500182 3.6100004 18.92499898 3.6100004 0 P 0
L 18.77500182 4.8800004 18.92499898 4.8800004 0 P 0
L 18.77500182 22.6600004 18.92499898 22.6600004 0 P 0
L 18.77500182 23.9300004 18.92499898 23.9300004 0 P 0
L 18.7819792 18.51101962 18.7819792 18.66101678 0 P 0
L 18.7819792 19.01901962 18.7819792 19.16901678 0 P 0
L 18.7819792 19.52701962 18.7819792 19.67701678 0 P 0
L 18.7819792 20.03501962 18.7819792 20.18501678 0 P 0
L 18.80002082 1.5250033 18.80002082 1.67500046 0 P 0
L 18.80002082 6.32500894 18.80002082 6.4750061 0 P 0
L 18.80002082 15.92502022 18.80002082 16.07501738 0 P 0
L 18.80002082 20.72502586 18.80002082 20.87502302 0 P 0
L 18.8320172 17.72927112 18.98201436 17.72927112 0 P 0
L 18.8320172 18.07901896 18.98201436 18.07901896 0 P 0
L 18.84774742 2.26525074 18.84774742 2.4152479 0 P 0
L 18.8500004 0.99500182 18.8500004 1.14499898 0 P 0
L 18.8500004 3.53500182 18.8500004 3.68499898 0 P 0
L 18.8500004 4.80500182 18.8500004 4.95499898 0 P 0
L 18.8500004 22.58500182 18.8500004 22.73499898 0 P 0
L 18.8500004 23.85500182 18.8500004 24.00499898 0 P 0
L 18.90701578 17.65427254 18.90701578 17.8042697 0 P 0
L 18.90701578 18.00402038 18.90701578 18.15401754 0 P 0
L 18.91400078 21.53574814 19.06399794 21.53574814 0 P 0
L 18.91400078 21.88549598 19.06399794 21.88549598 0 P 0
L 18.91901474 17.13327028 19.0690119 17.13327028 0 P 0
L 18.96098062 18.38202064 19.11097778 18.38202064 0 P 0
L 18.96098062 18.8400182 19.11097778 18.8400182 0 P 0
L 18.96098062 19.3480182 19.11097778 19.3480182 0 P 0
L 18.96098062 19.8560182 19.11097778 19.8560182 0 P 0
L 18.96098062 20.3640182 19.11097778 20.3640182 0 P 0
L 18.98899936 21.46074956 18.98899936 21.61074672 0 P 0
L 18.98899936 21.8104974 18.98899936 21.96049456 0 P 0
L 18.99401332 17.0582717 18.99401332 17.20826886 0 P 0
L 19.0359792 18.30702206 19.0359792 18.45701922 0 P 0
L 19.0359792 18.76501962 19.0359792 18.91501678 0 P 0
L 19.0359792 19.27301962 19.0359792 19.42301678 0 P 0
L 19.0359792 19.78101962 19.0359792 19.93101678 0 P 0
L 19.0359792 20.28901962 19.0359792 20.43901678 0 P 0
L 19.12502398 4.0000047 19.27502114 4.0000047 0 P 0
L 19.12502398 8.80001034 19.27502114 8.80001034 0 P 0
L 19.12502398 12.0000141 19.27502114 12.0000141 0 P 0
L 19.12502398 13.60001598 19.27502114 13.60001598 0 P 0
L 19.12502398 23.20002726 19.27502114 23.20002726 0 P 0
L 19.15701782 17.90402058 19.30701498 17.90402058 0 P 0
L 19.20002256 3.92500612 19.20002256 4.07500328 0 P 0
L 19.20002256 8.72501176 19.20002256 8.87500892 0 P 0
L 19.20002256 11.92501552 19.20002256 12.07501268 0 P 0
L 19.20002256 13.5250174 19.20002256 13.67501456 0 P 0
L 19.20002256 23.12502868 19.20002256 23.27502584 0 P 0
L 19.21498062 18.5860182 19.36497778 18.5860182 0 P 0
L 19.21498062 19.0940182 19.36497778 19.0940182 0 P 0
L 19.21498062 19.6020182 19.36497778 19.6020182 0 P 0
L 19.21498062 20.1100182 19.36497778 20.1100182 0 P 0
L 19.21498062 20.6180182 19.36497778 20.6180182 0 P 0
L 19.2320164 17.829022 19.2320164 17.97901916 0 P 0
L 19.2390014 21.71074652 19.38899856 21.71074652 0 P 0
L 19.2899792 18.51101962 19.2899792 18.66101678 0 P 0
L 19.2899792 19.01901962 19.2899792 19.16901678 0 P 0
L 19.2899792 19.52701962 19.2899792 19.67701678 0 P 0
L 19.2899792 20.03501962 19.2899792 20.18501678 0 P 0
L 19.2899792 20.54301962 19.2899792 20.69301678 0 P 0
L 19.31399998 21.63574794 19.31399998 21.7857451 0 P 0
L 19.46898062 18.8400182 19.61897778 18.8400182 0 P 0
L 19.46898062 19.3480182 19.61897778 19.3480182 0 P 0
L 19.46898062 19.8560182 19.61897778 19.8560182 0 P 0
L 19.46898062 20.3640182 19.61897778 20.3640182 0 P 0
L 19.46898062 20.8720182 19.61897778 20.8720182 0 P 0
L 19.4770121 11.29397792 19.62700926 11.29397792 0 P 0
L 19.4770121 11.89397672 19.62700926 11.89397672 0 P 0
L 19.4770121 13.10403272 19.62700926 13.10403272 0 P 0
L 19.4770121 13.70403152 19.62700926 13.70403152 0 P 0
L 19.48201844 17.72927112 19.6320156 17.72927112 0 P 0
L 19.48201844 18.07901896 19.6320156 18.07901896 0 P 0
L 19.52502318 1.60000188 19.67502034 1.60000188 0 P 0
L 19.52502318 6.40000752 19.67502034 6.40000752 0 P 0
L 19.52502318 8.0000094 19.67502034 8.0000094 0 P 0
L 19.52502318 9.60001128 19.67502034 9.60001128 0 P 0
L 19.52502318 14.40001692 19.67502034 14.40001692 0 P 0
L 19.52502318 16.0000188 19.67502034 16.0000188 0 P 0
L 19.5439792 18.76501962 19.5439792 18.91501678 0 P 0
L 19.5439792 19.27301962 19.5439792 19.42301678 0 P 0
L 19.5439792 19.78101962 19.5439792 19.93101678 0 P 0
L 19.5439792 20.28901962 19.5439792 20.43901678 0 P 0
L 19.5439792 20.79701962 19.5439792 20.94701678 0 P 0
L 19.55201068 11.21897934 19.55201068 11.3689765 0 P 0
L 19.55201068 11.81897814 19.55201068 11.9689753 0 P 0
L 19.55201068 13.02903414 19.55201068 13.1790313 0 P 0
L 19.55201068 13.62903294 19.55201068 13.7790301 0 P 0
L 19.55701702 17.65427254 19.55701702 17.8042697 0 P 0
L 19.55701702 18.00402038 19.55701702 18.15401754 0 P 0
L 19.56400202 21.53574814 19.71399918 21.53574814 0 P 0
L 19.56400202 21.88549598 19.71399918 21.88549598 0 P 0
L 19.60002176 1.5250033 19.60002176 1.67500046 0 P 0
L 19.60002176 6.32500894 19.60002176 6.4750061 0 P 0
L 19.60002176 7.92501082 19.60002176 8.07500798 0 P 0
L 19.60002176 9.5250127 19.60002176 9.67500986 0 P 0
L 19.60002176 14.32501834 19.60002176 14.4750155 0 P 0
L 19.60002176 15.92502022 19.60002176 16.07501738 0 P 0
L 19.6390006 21.46074956 19.6390006 21.61074672 0 P 0
L 19.6390006 21.8104974 19.6390006 21.96049456 0 P 0
L 19.72298062 18.5860182 19.87297778 18.5860182 0 P 0
L 19.72298062 19.0940182 19.87297778 19.0940182 0 P 0
L 19.72298062 19.6020182 19.87297778 19.6020182 0 P 0
L 19.72298062 20.1100182 19.87297778 20.1100182 0 P 0
L 19.72298062 20.6180182 19.87297778 20.6180182 0 P 0
L 19.7979792 18.51101962 19.7979792 18.66101678 0 P 0
L 19.7979792 19.01901962 19.7979792 19.16901678 0 P 0
L 19.7979792 19.52701962 19.7979792 19.67701678 0 P 0
L 19.7979792 20.03501962 19.7979792 20.18501678 0 P 0
L 19.7979792 20.54301962 19.7979792 20.69301678 0 P 0
L 19.80701906 17.90402058 19.95701622 17.90402058 0 P 0
L 19.84900272 21.36099868 19.99899988 21.36099868 0 P 0
L 19.88201764 17.829022 19.88201764 17.97901916 0 P 0
L 19.9240013 21.2860001 19.9240013 21.43599726 0 P 0
L 19.92502492 4.0000047 20.07502208 4.0000047 0 P 0
L 19.92502492 10.40001222 20.07502208 10.40001222 0 P 0
L 19.92502492 13.60001598 20.07502208 13.60001598 0 P 0
L 19.92502492 23.20002726 20.07502208 23.20002726 0 P 0
L 19.97698062 18.8400182 20.12697778 18.8400182 0 P 0
L 19.97698062 19.3480182 20.12697778 19.3480182 0 P 0
L 19.97698062 19.8560182 20.12697778 19.8560182 0 P 0
L 19.97698062 20.3640182 20.12697778 20.3640182 0 P 0
L 20.0000235 3.92500612 20.0000235 4.07500328 0 P 0
L 20.0000235 10.32501364 20.0000235 10.4750108 0 P 0
L 20.0000235 13.5250174 20.0000235 13.67501456 0 P 0
L 20.0000235 23.12502868 20.0000235 23.27502584 0 P 0
L 20.0320021 22.1979998 20.18199926 22.1979998 0 P 0
L 20.04500182 1.0700004 20.19499898 1.0700004 0 P 0
L 20.04500182 2.3400004 20.19499898 2.3400004 0 P 0
L 20.04500182 3.6100004 20.19499898 3.6100004 0 P 0
L 20.04500182 4.8800004 20.19499898 4.8800004 0 P 0
L 20.04500182 6.1500004 20.19499898 6.1500004 0 P 0
L 20.04500182 7.4200004 20.19499898 7.4200004 0 P 0
L 20.04500182 8.6900004 20.19499898 8.6900004 0 P 0
L 20.04500182 22.6600004 20.19499898 22.6600004 0 P 0
L 20.04500182 23.9300004 20.19499898 23.9300004 0 P 0
L 20.0519792 18.76501962 20.0519792 18.91501678 0 P 0
L 20.0519792 19.27301962 20.0519792 19.42301678 0 P 0
L 20.0519792 19.78101962 20.0519792 19.93101678 0 P 0
L 20.0519792 20.28901962 20.0519792 20.43901678 0 P 0
L 20.10700068 22.12300122 20.10700068 22.27299838 0 P 0
L 20.1200004 0.99500182 20.1200004 1.14499898 0 P 0
L 20.1200004 2.26500182 20.1200004 2.41499898 0 P 0
L 20.1200004 3.53500182 20.1200004 3.68499898 0 P 0
L 20.1200004 4.80500182 20.1200004 4.95499898 0 P 0
L 20.1200004 6.07500182 20.1200004 6.22499898 0 P 0
L 20.1200004 7.34500182 20.1200004 7.49499898 0 P 0
L 20.1200004 8.61500182 20.1200004 8.76499898 0 P 0
L 20.1200004 22.58500182 20.1200004 22.73499898 0 P 0
L 20.1200004 23.85500182 20.1200004 24.00499898 0 P 0
L 20.13201968 17.72927112 20.28201684 17.72927112 0 P 0
L 20.13201968 18.07901896 20.28201684 18.07901896 0 P 0
L 20.13400342 21.1860003 20.28400058 21.1860003 0 P 0
L 20.13400342 21.53574814 20.28400058 21.53574814 0 P 0
L 20.20701826 17.65427254 20.20701826 17.8042697 0 P 0
L 20.20701826 18.00402038 20.20701826 18.15401754 0 P 0
L 20.209002 21.11100172 20.209002 21.26099888 0 P 0
L 20.209002 21.46074956 20.209002 21.61074672 0 P 0
L 20.23098062 18.5860182 20.38097778 18.5860182 0 P 0
L 20.23098062 19.0940182 20.38097778 19.0940182 0 P 0
L 20.23098062 19.6020182 20.38097778 19.6020182 0 P 0
L 20.23098062 20.1100182 20.38097778 20.1100182 0 P 0
L 20.23098062 20.6180182 20.38097778 20.6180182 0 P 0
L 20.3059792 18.51101962 20.3059792 18.66101678 0 P 0
L 20.3059792 19.01901962 20.3059792 19.16901678 0 P 0
L 20.3059792 19.52701962 20.3059792 19.67701678 0 P 0
L 20.3059792 20.03501962 20.3059792 20.18501678 0 P 0
L 20.3059792 20.54301962 20.3059792 20.69301678 0 P 0
L 20.32502412 1.60000188 20.47502128 1.60000188 0 P 0
L 20.32502412 11.20001316 20.47502128 11.20001316 0 P 0
L 20.32502412 16.0000188 20.47502128 16.0000188 0 P 0
L 20.4000227 1.5250033 20.4000227 1.67500046 0 P 0
L 20.4000227 11.12501458 20.4000227 11.27501174 0 P 0
L 20.4000227 15.92502022 20.4000227 16.07501738 0 P 0
L 20.41900412 21.36099868 20.56900128 21.36099868 0 P 0
L 20.4570203 17.90402058 20.60701746 17.90402058 0 P 0
L 20.48498062 18.3320182 20.63497778 18.3320182 0 P 0
L 20.48498062 18.8400182 20.63497778 18.8400182 0 P 0
L 20.48498062 19.3480182 20.63497778 19.3480182 0 P 0
L 20.48498062 19.8560182 20.63497778 19.8560182 0 P 0
L 20.48498062 20.3640182 20.63497778 20.3640182 0 P 0
L 20.48498062 20.8720182 20.63497778 20.8720182 0 P 0
L 20.4940027 21.2860001 20.4940027 21.43599726 0 P 0
L 20.53201888 17.829022 20.53201888 17.97901916 0 P 0
L 20.5599792 18.25701962 20.5599792 18.40701678 0 P 0
L 20.5599792 18.76501962 20.5599792 18.91501678 0 P 0
L 20.5599792 19.27301962 20.5599792 19.42301678 0 P 0
L 20.5599792 19.78101962 20.5599792 19.93101678 0 P 0
L 20.5599792 20.28901962 20.5599792 20.43901678 0 P 0
L 20.5599792 20.79701962 20.5599792 20.94701678 0 P 0
L 20.70400482 21.1860003 20.85400198 21.1860003 0 P 0
L 20.70400482 21.53574814 20.85400198 21.53574814 0 P 0
L 20.72502586 0.80000094 20.87502302 0.80000094 0 P 0
L 20.72502586 2.40000282 20.87502302 2.40000282 0 P 0
L 20.72502586 4.0000047 20.87502302 4.0000047 0 P 0
L 20.72502586 7.20000846 20.87502302 7.20000846 0 P 0
L 20.72502586 8.80001034 20.87502302 8.80001034 0 P 0
L 20.72502586 10.40001222 20.87502302 10.40001222 0 P 0
L 20.72502586 12.0000141 20.87502302 12.0000141 0 P 0
L 20.72502586 13.60001598 20.87502302 13.60001598 0 P 0
L 20.72502586 16.80001974 20.87502302 16.80001974 0 P 0
L 20.72502586 23.20002726 20.87502302 23.20002726 0 P 0
L 20.73898062 18.5860182 20.88897778 18.5860182 0 P 0
L 20.73898062 19.0940182 20.88897778 19.0940182 0 P 0
L 20.73898062 19.6020182 20.88897778 19.6020182 0 P 0
L 20.73898062 20.1100182 20.88897778 20.1100182 0 P 0
L 20.73898062 20.6180182 20.88897778 20.6180182 0 P 0
L 20.7790034 21.11100172 20.7790034 21.26099888 0 P 0
L 20.7790034 21.46074956 20.7790034 21.61074672 0 P 0
L 20.78202092 17.72927112 20.93201808 17.72927112 0 P 0
L 20.78202092 18.07901896 20.93201808 18.07901896 0 P 0
L 20.80002444 0.72500236 20.80002444 0.87499952 0 P 0
L 20.80002444 2.32500424 20.80002444 2.4750014 0 P 0
L 20.80002444 3.92500612 20.80002444 4.07500328 0 P 0
L 20.80002444 7.12500988 20.80002444 7.27500704 0 P 0
L 20.80002444 8.72501176 20.80002444 8.87500892 0 P 0
L 20.80002444 10.32501364 20.80002444 10.4750108 0 P 0
L 20.80002444 11.92501552 20.80002444 12.07501268 0 P 0
L 20.80002444 13.5250174 20.80002444 13.67501456 0 P 0
L 20.80002444 16.72502116 20.80002444 16.87501832 0 P 0
L 20.80002444 23.12502868 20.80002444 23.27502584 0 P 0
L 20.8139792 18.51101962 20.8139792 18.66101678 0 P 0
L 20.8139792 19.01901962 20.8139792 19.16901678 0 P 0
L 20.8139792 19.52701962 20.8139792 19.67701678 0 P 0
L 20.8139792 20.03501962 20.8139792 20.18501678 0 P 0
L 20.8139792 20.54301962 20.8139792 20.69301678 0 P 0
L 20.8570195 17.65427254 20.8570195 17.8042697 0 P 0
L 20.8570195 18.00402038 20.8570195 18.15401754 0 P 0
L 20.98900552 21.71074652 21.13900268 21.71074652 0 P 0
L 20.99298062 18.8400182 21.14297778 18.8400182 0 P 0
L 20.99298062 19.3480182 21.14297778 19.3480182 0 P 0
L 20.99298062 19.8560182 21.14297778 19.8560182 0 P 0
L 20.99298062 20.3640182 21.14297778 20.3640182 0 P 0
L 21.00200016 22.23900048 21.15199732 22.23900048 0 P 0
L 21.0640041 21.63574794 21.0640041 21.7857451 0 P 0
L 21.0679792 18.76501962 21.0679792 18.91501678 0 P 0
L 21.0679792 19.27301962 21.0679792 19.42301678 0 P 0
L 21.0679792 19.78101962 21.0679792 19.93101678 0 P 0
L 21.0679792 20.28901962 21.0679792 20.43901678 0 P 0
L 21.07699874 22.1640019 21.07699874 22.31399906 0 P 0
L 21.10702154 17.90402058 21.2570187 17.90402058 0 P 0
L 21.12502506 1.60000188 21.27502222 1.60000188 0 P 0
L 21.12502506 12.80001504 21.27502222 12.80001504 0 P 0
L 21.12502506 16.0000188 21.27502222 16.0000188 0 P 0
L 21.12502506 17.60002068 21.27502222 17.60002068 0 P 0
L 21.12502506 20.80002444 21.27502222 20.80002444 0 P 0
L 21.1670011 13.54199984 21.31699826 13.54199984 0 P 0
L 21.18202012 17.829022 21.18202012 17.97901916 0 P 0
L 21.20002364 1.5250033 21.20002364 1.67500046 0 P 0
L 21.20002364 12.72501646 21.20002364 12.87501362 0 P 0
L 21.20002364 15.92502022 21.20002364 16.07501738 0 P 0
L 21.20002364 17.5250221 21.20002364 17.67501926 0 P 0
L 21.20002364 20.72502586 21.20002364 20.87502302 0 P 0
L 21.24199968 13.46700126 21.24199968 13.61699842 0 P 0
L 21.24698062 18.5860182 21.39697778 18.5860182 0 P 0
L 21.24698062 19.0940182 21.39697778 19.0940182 0 P 0
L 21.24698062 19.6020182 21.39697778 19.6020182 0 P 0
L 21.24698062 20.1100182 21.39697778 20.1100182 0 P 0
L 21.27400622 21.53574814 21.42400338 21.53574814 0 P 0
L 21.27400622 21.88549598 21.42400338 21.88549598 0 P 0
L 21.31274884 2.34024932 21.462746 2.34024932 0 P 0
L 21.31274884 6.15024932 21.462746 6.15024932 0 P 0
L 21.31500182 1.0700004 21.46499898 1.0700004 0 P 0
L 21.31500182 3.6100004 21.46499898 3.6100004 0 P 0
L 21.31500182 4.8800004 21.46499898 4.8800004 0 P 0
L 21.31500182 7.4200004 21.46499898 7.4200004 0 P 0
L 21.31500182 8.6900004 21.46499898 8.6900004 0 P 0
L 21.31500182 9.9600004 21.46499898 9.9600004 0 P 0
L 21.31500182 11.2300004 21.46499898 11.2300004 0 P 0
L 21.31500182 12.5000004 21.46499898 12.5000004 0 P 0
L 21.31500182 15.0400004 21.46499898 15.0400004 0 P 0
L 21.31500182 16.3100004 21.46499898 16.3100004 0 P 0
L 21.31500182 22.6600004 21.46499898 22.6600004 0 P 0
L 21.31500182 23.9300004 21.46499898 23.9300004 0 P 0
L 21.3219792 18.51101962 21.3219792 18.66101678 0 P 0
L 21.3219792 19.01901962 21.3219792 19.16901678 0 P 0
L 21.3219792 19.52701962 21.3219792 19.67701678 0 P 0
L 21.3219792 20.03501962 21.3219792 20.18501678 0 P 0
L 21.3490048 21.46074956 21.3490048 21.61074672 0 P 0
L 21.3490048 21.8104974 21.3490048 21.96049456 0 P 0
L 21.38774742 2.26525074 21.38774742 2.4152479 0 P 0
L 21.38774742 6.07525074 21.38774742 6.2252479 0 P 0
L 21.3900004 0.99500182 21.3900004 1.14499898 0 P 0
L 21.3900004 3.53500182 21.3900004 3.68499898 0 P 0
L 21.3900004 4.80500182 21.3900004 4.95499898 0 P 0
L 21.3900004 7.34500182 21.3900004 7.49499898 0 P 0
L 21.3900004 8.61500182 21.3900004 8.76499898 0 P 0
L 21.3900004 9.88500182 21.3900004 10.03499898 0 P 0
L 21.3900004 11.15500182 21.3900004 11.30499898 0 P 0
L 21.3900004 12.42500182 21.3900004 12.57499898 0 P 0
L 21.3900004 14.96500182 21.3900004 15.11499898 0 P 0
L 21.3900004 16.23500182 21.3900004 16.38499898 0 P 0
L 21.3900004 22.58500182 21.3900004 22.73499898 0 P 0
L 21.3900004 23.85500182 21.3900004 24.00499898 0 P 0
L 21.43202216 17.72927112 21.58201932 17.72927112 0 P 0
L 21.43202216 18.07901896 21.58201932 18.07901896 0 P 0
L 21.4330026 17.14799974 21.58299976 17.14799974 0 P 0
L 21.50098062 18.8400182 21.65097778 18.8400182 0 P 0
L 21.50098062 19.3480182 21.65097778 19.3480182 0 P 0
L 21.50098062 19.8560182 21.65097778 19.8560182 0 P 0
L 21.50098062 20.3640182 21.65097778 20.3640182 0 P 0
L 21.50702074 17.65427254 21.50702074 17.8042697 0 P 0
L 21.50702074 18.00402038 21.50702074 18.15401754 0 P 0
L 21.50800118 17.07300116 21.50800118 17.22299832 0 P 0
L 21.5250268 4.0000047 21.67502396 4.0000047 0 P 0
L 21.5250268 12.0000141 21.67502396 12.0000141 0 P 0
L 21.5250268 23.20002726 21.67502396 23.20002726 0 P 0
L 21.55900692 21.71074652 21.70900408 21.71074652 0 P 0
L 21.5759792 18.76501962 21.5759792 18.91501678 0 P 0
L 21.5759792 19.27301962 21.5759792 19.42301678 0 P 0
L 21.5759792 19.78101962 21.5759792 19.93101678 0 P 0
L 21.5759792 20.28901962 21.5759792 20.43901678 0 P 0
L 21.60002538 3.92500612 21.60002538 4.07500328 0 P 0
L 21.60002538 11.92501552 21.60002538 12.07501268 0 P 0
L 21.60002538 23.12502868 21.60002538 23.27502584 0 P 0
L 21.6340055 21.63574794 21.6340055 21.7857451 0 P 0
L 21.75498062 18.5860182 21.90497778 18.5860182 0 P 0
L 21.75498062 19.0940182 21.90497778 19.0940182 0 P 0
L 21.75498062 19.6020182 21.90497778 19.6020182 0 P 0
L 21.75498062 20.1100182 21.90497778 20.1100182 0 P 0
L 21.8299792 18.51101962 21.8299792 18.66101678 0 P 0
L 21.8299792 19.01901962 21.8299792 19.16901678 0 P 0
L 21.8299792 19.52701962 21.8299792 19.67701678 0 P 0
L 21.8299792 20.03501962 21.8299792 20.18501678 0 P 0
L 21.84400762 21.53574814 21.99400478 21.53574814 0 P 0
L 21.84400762 21.88549598 21.99400478 21.88549598 0 P 0
L 21.86300174 17.6840007 22.0129989 17.6840007 0 P 0
L 21.9190062 21.46074956 21.9190062 21.61074672 0 P 0
L 21.9190062 21.8104974 21.9190062 21.96049456 0 P 0
L 21.925026 1.60000188 22.07502316 1.60000188 0 P 0
L 21.925026 3.20000376 22.07502316 3.20000376 0 P 0
L 21.925026 6.40000752 22.07502316 6.40000752 0 P 0
L 21.925026 8.0000094 22.07502316 8.0000094 0 P 0
L 21.925026 9.60001128 22.07502316 9.60001128 0 P 0
L 21.925026 14.40001692 22.07502316 14.40001692 0 P 0
L 21.925026 22.40002632 22.07502316 22.40002632 0 P 0
L 21.93800032 17.60900212 21.93800032 17.75899928 0 P 0
L 22.00002458 1.5250033 22.00002458 1.67500046 0 P 0
L 22.00002458 3.12500518 22.00002458 3.27500234 0 P 0
L 22.00002458 6.32500894 22.00002458 6.4750061 0 P 0
L 22.00002458 7.92501082 22.00002458 8.07500798 0 P 0
L 22.00002458 9.5250127 22.00002458 9.67500986 0 P 0
L 22.00002458 14.32501834 22.00002458 14.4750155 0 P 0
L 22.00002458 22.32502774 22.00002458 22.4750249 0 P 0
L 22.00898062 18.3320182 22.15897778 18.3320182 0 P 0
L 22.00898062 18.8400182 22.15897778 18.8400182 0 P 0
L 22.00898062 19.3480182 22.15897778 19.3480182 0 P 0
L 22.00898062 19.8560182 22.15897778 19.8560182 0 P 0
L 22.00898062 20.3640182 22.15897778 20.3640182 0 P 0
L 22.00898062 20.8720182 22.15897778 20.8720182 0 P 0
L 22.0839792 18.25701962 22.0839792 18.40701678 0 P 0
L 22.0839792 18.76501962 22.0839792 18.91501678 0 P 0
L 22.0839792 19.27301962 22.0839792 19.42301678 0 P 0
L 22.0839792 19.78101962 22.0839792 19.93101678 0 P 0
L 22.0839792 20.28901962 22.0839792 20.43901678 0 P 0
L 22.0839792 20.79701962 22.0839792 20.94701678 0 P 0
L 22.12900832 21.71074652 22.27900548 21.71074652 0 P 0
L 22.2040069 21.63574794 22.2040069 21.7857451 0 P 0
L 22.26298062 18.5860182 22.41297778 18.5860182 0 P 0
L 22.26298062 19.0940182 22.41297778 19.0940182 0 P 0
L 22.26298062 20.1100182 22.41297778 20.1100182 0 P 0
L 22.26298062 20.6180182 22.41297778 20.6180182 0 P 0
L 22.32502774 4.0000047 22.4750249 4.0000047 0 P 0
L 22.32502774 23.20002726 22.4750249 23.20002726 0 P 0
L 22.3379792 18.51101962 22.3379792 18.66101678 0 P 0
L 22.3379792 19.01901962 22.3379792 19.16901678 0 P 0
L 22.3379792 20.03501962 22.3379792 20.18501678 0 P 0
L 22.3379792 20.54301962 22.3379792 20.69301678 0 P 0
L 22.40002632 3.92500612 22.40002632 4.07500328 0 P 0
L 22.40002632 23.12502868 22.40002632 23.27502584 0 P 0
L 22.41400902 21.53574814 22.56400618 21.53574814 0 P 0
L 22.41400902 21.88549598 22.56400618 21.88549598 0 P 0
L 22.4450021 19.69099948 22.59499926 19.69099948 0 P 0
L 22.4890076 21.46074956 22.4890076 21.61074672 0 P 0
L 22.4890076 21.8104974 22.4890076 21.96049456 0 P 0
L 22.51698062 19.3480182 22.66697778 19.3480182 0 P 0
L 22.51698062 20.3640182 22.66697778 20.3640182 0 P 0
L 22.52000068 19.6160009 22.52000068 19.76599806 0 P 0
L 22.57800158 15.22599952 22.72799874 15.22599952 0 P 0
L 22.58274884 7.42024932 22.732746 7.42024932 0 P 0
L 22.58274884 8.69024932 22.732746 8.69024932 0 P 0
L 22.58500182 1.0700004 22.73499898 1.0700004 0 P 0
L 22.58500182 2.3400004 22.73499898 2.3400004 0 P 0
L 22.58500182 3.6100004 22.73499898 3.6100004 0 P 0
L 22.58500182 4.8800004 22.73499898 4.8800004 0 P 0
L 22.58500182 6.1500004 22.73499898 6.1500004 0 P 0
L 22.58500182 9.9600004 22.73499898 9.9600004 0 P 0
L 22.58500182 11.2300004 22.73499898 11.2300004 0 P 0
L 22.58500182 12.5000004 22.73499898 12.5000004 0 P 0
L 22.58500182 13.7700004 22.73499898 13.7700004 0 P 0
L 22.58500182 16.3100004 22.73499898 16.3100004 0 P 0
L 22.58500182 18.8500004 22.73499898 18.8500004 0 P 0
L 22.58500182 22.6600004 22.73499898 22.6600004 0 P 0
L 22.58500182 23.9300004 22.73499898 23.9300004 0 P 0
L 22.5919792 19.27301962 22.5919792 19.42301678 0 P 0
L 22.5919792 20.28901962 22.5919792 20.43901678 0 P 0
L 22.60000052 17.48099882 22.74999768 17.48099882 0 P 0
L 22.65300016 15.15100094 22.65300016 15.3009981 0 P 0
L 22.65774742 7.34525074 22.65774742 7.4952479 0 P 0
L 22.65774742 8.61525074 22.65774742 8.7652479 0 P 0
L 22.6600004 0.99500182 22.6600004 1.14499898 0 P 0
L 22.6600004 2.26500182 22.6600004 2.41499898 0 P 0
L 22.6600004 3.53500182 22.6600004 3.68499898 0 P 0
L 22.6600004 4.80500182 22.6600004 4.95499898 0 P 0
L 22.6600004 6.07500182 22.6600004 6.22499898 0 P 0
L 22.6600004 9.88500182 22.6600004 10.03499898 0 P 0
L 22.6600004 11.15500182 22.6600004 11.30499898 0 P 0
L 22.6600004 12.42500182 22.6600004 12.57499898 0 P 0
L 22.6600004 13.69500182 22.6600004 13.84499898 0 P 0
L 22.6600004 16.23500182 22.6600004 16.38499898 0 P 0
L 22.6600004 18.77500182 22.6600004 18.92499898 0 P 0
L 22.6600004 22.58500182 22.6600004 22.73499898 0 P 0
L 22.6600004 23.85500182 22.6600004 24.00499898 0 P 0
L 22.6749991 17.40600024 22.6749991 17.5559974 0 P 0
L 22.72502694 1.60000188 22.8750241 1.60000188 0 P 0
L 22.72502694 9.60001128 22.8750241 9.60001128 0 P 0
L 22.72502694 16.0000188 22.8750241 16.0000188 0 P 0
L 22.80002552 1.5250033 22.80002552 1.67500046 0 P 0
L 22.80002552 9.5250127 22.80002552 9.67500986 0 P 0
L 22.80002552 15.92502022 22.80002552 16.07501738 0 P 0
L 22.89950208 20.12050078 23.04949924 20.12050078 0 P 0
L 22.97450066 20.0455022 22.97450066 20.19549936 0 P 0
L 23.12502868 0.80000094 23.27502584 0.80000094 0 P 0
L 23.12502868 4.0000047 23.27502584 4.0000047 0 P 0
L 23.12502868 5.60000658 23.27502584 5.60000658 0 P 0
L 23.12502868 7.20000846 23.27502584 7.20000846 0 P 0
L 23.12502868 10.40001222 23.27502584 10.40001222 0 P 0
L 23.12502868 12.0000141 23.27502584 12.0000141 0 P 0
L 23.12502868 13.60001598 23.27502584 13.60001598 0 P 0
L 23.12502868 15.20001786 23.27502584 15.20001786 0 P 0
L 23.12502868 18.40002162 23.27502584 18.40002162 0 P 0
L 23.12502868 23.20002726 23.27502584 23.20002726 0 P 0
L 23.20002726 0.72500236 23.20002726 0.87499952 0 P 0
L 23.20002726 3.92500612 23.20002726 4.07500328 0 P 0
L 23.20002726 5.525008 23.20002726 5.67500516 0 P 0
L 23.20002726 7.12500988 23.20002726 7.27500704 0 P 0
L 23.20002726 10.32501364 23.20002726 10.4750108 0 P 0
L 23.20002726 11.92501552 23.20002726 12.07501268 0 P 0
L 23.20002726 13.5250174 23.20002726 13.67501456 0 P 0
L 23.20002726 15.12501928 23.20002726 15.27501644 0 P 0
L 23.20002726 18.32502304 23.20002726 18.4750202 0 P 0
L 23.20002726 23.12502868 23.20002726 23.27502584 0 P 0
L 23.2122853 22.0612843 23.36228246 22.0612843 0 P 0
L 23.28728388 21.98628572 23.28728388 22.13628288 0 P 0
L 23.52502788 1.60000188 23.67502504 1.60000188 0 P 0
L 23.52502788 6.40000752 23.67502504 6.40000752 0 P 0
L 23.52502788 16.0000188 23.67502504 16.0000188 0 P 0
L 23.52502788 19.20002256 23.67502504 19.20002256 0 P 0
L 23.52502788 20.80002444 23.67502504 20.80002444 0 P 0
L 23.52502788 22.40002632 23.67502504 22.40002632 0 P 0
L 23.60002646 1.5250033 23.60002646 1.67500046 0 P 0
L 23.60002646 6.32500894 23.60002646 6.4750061 0 P 0
L 23.60002646 15.92502022 23.60002646 16.07501738 0 P 0
L 23.60002646 19.12502398 23.60002646 19.27502114 0 P 0
L 23.60002646 20.72502586 23.60002646 20.87502302 0 P 0
L 23.60002646 22.32502774 23.60002646 22.4750249 0 P 0
L 23.85274884 2.34024932 24.002746 2.34024932 0 P 0
L 23.85274884 4.88024932 24.002746 4.88024932 0 P 0
L 23.85274884 8.69024932 24.002746 8.69024932 0 P 0
L 23.85500182 1.0700004 24.00499898 1.0700004 0 P 0
L 23.85500182 3.6100004 24.00499898 3.6100004 0 P 0
L 23.85500182 6.1500004 24.00499898 6.1500004 0 P 0
L 23.85500182 7.4200004 24.00499898 7.4200004 0 P 0
L 23.85500182 9.9600004 24.00499898 9.9600004 0 P 0
L 23.85500182 11.2300004 24.00499898 11.2300004 0 P 0
L 23.85500182 12.5000004 24.00499898 12.5000004 0 P 0
L 23.85500182 13.7700004 24.00499898 13.7700004 0 P 0
L 23.85500182 15.0400004 24.00499898 15.0400004 0 P 0
L 23.85500182 16.3100004 24.00499898 16.3100004 0 P 0
L 23.85500182 17.5800004 24.00499898 17.5800004 0 P 0
L 23.85500182 18.8500004 24.00499898 18.8500004 0 P 0
L 23.85500182 20.1200004 24.00499898 20.1200004 0 P 0
L 23.85500182 21.3900004 24.00499898 21.3900004 0 P 0
L 23.85500182 22.6600004 24.00499898 22.6600004 0 P 0
L 23.85500182 23.9300004 24.00499898 23.9300004 0 P 0
L 23.92502962 4.0000047 24.07502678 4.0000047 0 P 0
L 23.92502962 10.40001222 24.07502678 10.40001222 0 P 0
L 23.92502962 16.80001974 24.07502678 16.80001974 0 P 0
L 23.92502962 18.40002162 24.07502678 18.40002162 0 P 0
L 23.92502962 23.20002726 24.07502678 23.20002726 0 P 0
L 23.92774742 2.26525074 23.92774742 2.4152479 0 P 0
L 23.92774742 4.80525074 23.92774742 4.9552479 0 P 0
L 23.92774742 8.61525074 23.92774742 8.7652479 0 P 0
L 23.9300004 0.99500182 23.9300004 1.14499898 0 P 0
L 23.9300004 3.53500182 23.9300004 3.68499898 0 P 0
L 23.9300004 6.07500182 23.9300004 6.22499898 0 P 0
L 23.9300004 7.34500182 23.9300004 7.49499898 0 P 0
L 23.9300004 9.88500182 23.9300004 10.03499898 0 P 0
L 23.9300004 11.15500182 23.9300004 11.30499898 0 P 0
L 23.9300004 12.42500182 23.9300004 12.57499898 0 P 0
L 23.9300004 13.69500182 23.9300004 13.84499898 0 P 0
L 23.9300004 14.96500182 23.9300004 15.11499898 0 P 0
L 23.9300004 16.23500182 23.9300004 16.38499898 0 P 0
L 23.9300004 17.50500182 23.9300004 17.65499898 0 P 0
L 23.9300004 18.77500182 23.9300004 18.92499898 0 P 0
L 23.9300004 20.04500182 23.9300004 20.19499898 0 P 0
L 23.9300004 21.31500182 23.9300004 21.46499898 0 P 0
L 23.9300004 22.58500182 23.9300004 22.73499898 0 P 0
L 23.9300004 23.85500182 23.9300004 24.00499898 0 P 0
L 24.0000282 3.92500612 24.0000282 4.07500328 0 P 0
L 24.0000282 10.32501364 24.0000282 10.4750108 0 P 0
L 24.0000282 16.72502116 24.0000282 16.87501832 0 P 0
L 24.0000282 18.32502304 24.0000282 18.4750202 0 P 0
L 24.0000282 23.12502868 24.0000282 23.27502584 0 P 0
