#Layer_Color=32896
#
#Feature symbol names
#
$0 r7.874

#
#Feature attribute names
#

#
#Layer features
#
L 1.2704724 1.6468504 1.2704724 1.7531496 0 P 0
L 1.2704724 1.6468504 1.3295276 1.6468504 0 P 0
L 1.2704724 1.7531496 1.3295276 1.7531496 0 P 0
L 1.2704724 4.8468504 1.2704724 4.9531496 0 P 0
L 1.2704724 4.8468504 1.3295276 4.8468504 0 P 0
L 1.2704724 4.9531496 1.3295276 4.9531496 0 P 0
L 1.3295276 1.6468504 1.3295276 1.7531496 0 P 0
L 1.3295276 4.8468504 1.3295276 4.9531496 0 P 0
L 1.6854331 0.923622 1.6854331 1.876378 0 P 0
L 1.6854331 0.923622 2.1145669 0.923622 0 P 0
L 1.6854331 1.876378 2.1145669 1.876378 0 P 0
L 2.1145669 0.923622 2.1145669 1.876378 0 P 0
L 2.4354331 0.923622 2.4354331 1.876378 0 P 0
L 2.4354331 0.923622 2.8645669 0.923622 0 P 0
L 2.4354331 1.876378 2.8645669 1.876378 0 P 0
L 2.8645669 0.923622 2.8645669 1.876378 0 P 0
L 3.113063 1.0312835 3.113063 1.5187165 0 P 0
L 3.113063 1.0312835 3.286937 1.0312835 0 P 0
L 3.113063 1.5187165 3.286937 1.5187165 0 P 0
L 3.286937 1.0312835 3.286937 1.5187165 0 P 0
L 3.413063 1.0312835 3.413063 1.5187165 0 P 0
L 3.413063 1.0312835 3.586937 1.0312835 0 P 0
L 3.413063 1.5187165 3.586937 1.5187165 0 P 0
L 3.586937 1.0312835 3.586937 1.5187165 0 P 0
L 3.7304724 1.7568504 3.7304724 1.8631496 0 P 0
L 3.7304724 1.7568504 3.7895276 1.7568504 0 P 0
L 3.7304724 1.8631496 3.7895276 1.8631496 0 P 0
L 3.7304724 2.0768504 3.7304724 2.1831496 0 P 0
L 3.7304724 2.0768504 3.7895276 2.0768504 0 P 0
L 3.7304724 2.1831496 3.7895276 2.1831496 0 P 0
L 3.7895276 1.7568504 3.7895276 1.8631496 0 P 0
L 3.7895276 2.0768504 3.7895276 2.1831496 0 P 0
L 3.8478346 0.9996456 3.8478346 1.4878346 0 P 0
L 3.8478346 0.9996456 4.2021654 0.9996456 0 P 0
L 3.8478346 1.4878346 4.2021654 1.4878346 0 P 0
L 4.2021654 0.9996456 4.2021654 1.4878346 0 P 0
L 4.2804724 1.7568504 4.2804724 1.8631496 0 P 0
L 4.2804724 1.7568504 4.3395276 1.7568504 0 P 0
L 4.2804724 1.8631496 4.3395276 1.8631496 0 P 0
L 4.2804724 2.0768504 4.2804724 2.1831496 0 P 0
L 4.2804724 2.0768504 4.3395276 2.0768504 0 P 0
L 4.2804724 2.1831496 4.3395276 2.1831496 0 P 0
L 4.3395276 1.7568504 4.3395276 1.8631496 0 P 0
L 4.3395276 2.0768504 4.3395276 2.1831496 0 P 0
L 4.4135827 1.1931102 4.4135827 1.4568898 0 P 0
L 4.4135827 1.1931102 4.5364173 1.1931102 0 P 0
L 4.4135827 1.4568898 4.5364173 1.4568898 0 P 0
L 4.5364173 1.1931102 4.5364173 1.4568898 0 P 0
L 5.6468504 1.2704724 5.6468504 1.3295276 0 P 0
L 5.6468504 1.2704724 5.7531496 1.2704724 0 P 0
L 5.6468504 1.3295276 5.7531496 1.3295276 0 P 0
L 5.6468504 5.2704724 5.6468504 5.3295276 0 P 0
L 5.6468504 5.2704724 5.7531496 5.2704724 0 P 0
L 5.6468504 5.3295276 5.7531496 5.3295276 0 P 0
L 5.7531496 1.2704724 5.7531496 1.3295276 0 P 0
L 5.7531496 5.2704724 5.7531496 5.3295276 0 P 0
L 8.1119685 1.2118504 8.1119685 1.3181496 0 P 0
L 8.1119685 1.2118504 8.1710237 1.2118504 0 P 0
L 8.1119685 1.3181496 8.1710237 1.3181496 0 P 0
L 8.1304724 1.9268504 8.1304724 2.0331496 0 P 0
L 8.1304724 1.9268504 8.1895276 1.9268504 0 P 0
L 8.1304724 2.0331496 8.1895276 2.0331496 0 P 0
L 8.1304724 2.3868504 8.1304724 2.4931496 0 P 0
L 8.1304724 2.3868504 8.1895276 2.3868504 0 P 0
L 8.1304724 2.4931496 8.1895276 2.4931496 0 P 0
L 8.1304724 2.8468504 8.1304724 2.9531496 0 P 0
L 8.1304724 2.8468504 8.1895276 2.8468504 0 P 0
L 8.1304724 2.9531496 8.1895276 2.9531496 0 P 0
L 8.1304724 3.3068504 8.1304724 3.4131496 0 P 0
L 8.1304724 3.3068504 8.1895276 3.3068504 0 P 0
L 8.1304724 3.4131496 8.1895276 3.4131496 0 P 0
L 8.1304724 3.7668504 8.1304724 3.8731496 0 P 0
L 8.1304724 3.7668504 8.1895276 3.7668504 0 P 0
L 8.1304724 3.8731496 8.1895276 3.8731496 0 P 0
L 8.1304724 4.2268504 8.1304724 4.3331496 0 P 0
L 8.1304724 4.2268504 8.1895276 4.2268504 0 P 0
L 8.1304724 4.3331496 8.1895276 4.3331496 0 P 0
L 8.1304724 4.6868504 8.1304724 4.7931496 0 P 0
L 8.1304724 4.6868504 8.1895276 4.6868504 0 P 0
L 8.1304724 4.7931496 8.1895276 4.7931496 0 P 0
L 8.1304724 5.1468504 8.1304724 5.2531496 0 P 0
L 8.1304724 5.1468504 8.1895276 5.1468504 0 P 0
L 8.1304724 5.2531496 8.1895276 5.2531496 0 P 0
L 8.1710237 1.2118504 8.1710237 1.3181496 0 P 0
L 8.1895276 1.9268504 8.1895276 2.0331496 0 P 0
L 8.1895276 2.3868504 8.1895276 2.4931496 0 P 0
L 8.1895276 2.8468504 8.1895276 2.9531496 0 P 0
L 8.1895276 3.3068504 8.1895276 3.4131496 0 P 0
L 8.1895276 3.7668504 8.1895276 3.8731496 0 P 0
L 8.1895276 4.2268504 8.1895276 4.3331496 0 P 0
L 8.1895276 4.6868504 8.1895276 4.7931496 0 P 0
L 8.1895276 5.1468504 8.1895276 5.2531496 0 P 0
L 8.2104724 1.9268504 8.2104724 2.0331496 0 P 0
L 8.2104724 1.9268504 8.2695276 1.9268504 0 P 0
L 8.2104724 2.0331496 8.2695276 2.0331496 0 P 0
L 8.2104724 2.3868504 8.2104724 2.4931496 0 P 0
L 8.2104724 2.3868504 8.2695276 2.3868504 0 P 0
L 8.2104724 2.4931496 8.2695276 2.4931496 0 P 0
L 8.2104724 2.8468504 8.2104724 2.9531496 0 P 0
L 8.2104724 2.8468504 8.2695276 2.8468504 0 P 0
L 8.2104724 2.9531496 8.2695276 2.9531496 0 P 0
L 8.2104724 3.3068504 8.2104724 3.4131496 0 P 0
L 8.2104724 3.3068504 8.2695276 3.3068504 0 P 0
L 8.2104724 3.4131496 8.2695276 3.4131496 0 P 0
L 8.2104724 3.7668504 8.2104724 3.8731496 0 P 0
L 8.2104724 3.7668504 8.2695276 3.7668504 0 P 0
L 8.2104724 3.8731496 8.2695276 3.8731496 0 P 0
L 8.2104724 4.2268504 8.2104724 4.3331496 0 P 0
L 8.2104724 4.2268504 8.2695276 4.2268504 0 P 0
L 8.2104724 4.3331496 8.2695276 4.3331496 0 P 0
L 8.2104724 4.6868504 8.2104724 4.7931496 0 P 0
L 8.2104724 4.6868504 8.2695276 4.6868504 0 P 0
L 8.2104724 4.7931496 8.2695276 4.7931496 0 P 0
L 8.2104724 5.1468504 8.2104724 5.2531496 0 P 0
L 8.2104724 5.1468504 8.2695276 5.1468504 0 P 0
L 8.2104724 5.2531496 8.2695276 5.2531496 0 P 0
L 8.2695276 1.9268504 8.2695276 2.0331496 0 P 0
L 8.2695276 2.3868504 8.2695276 2.4931496 0 P 0
L 8.2695276 2.8468504 8.2695276 2.9531496 0 P 0
L 8.2695276 3.3068504 8.2695276 3.4131496 0 P 0
L 8.2695276 3.7668504 8.2695276 3.8731496 0 P 0
L 8.2695276 4.2268504 8.2695276 4.3331496 0 P 0
L 8.2695276 4.6868504 8.2695276 4.7931496 0 P 0
L 8.2695276 5.1468504 8.2695276 5.2531496 0 P 0
L 8.4283465 1.1654724 8.4283465 1.2245276 0 P 0
L 8.4283465 1.1654724 8.5346457 1.1654724 0 P 0
L 8.4283465 1.2245276 8.5346457 1.2245276 0 P 0
L 8.5346457 1.1654724 8.5346457 1.2245276 0 P 0
L 8.6304724 1.9268504 8.6304724 2.0331496 0 P 0
L 8.6304724 1.9268504 8.6895276 1.9268504 0 P 0
L 8.6304724 2.0331496 8.6895276 2.0331496 0 P 0
L 8.6304724 2.3868504 8.6304724 2.4931496 0 P 0
L 8.6304724 2.3868504 8.6895276 2.3868504 0 P 0
L 8.6304724 2.4931496 8.6895276 2.4931496 0 P 0
L 8.6304724 2.8468504 8.6304724 2.9531496 0 P 0
L 8.6304724 2.8468504 8.6895276 2.8468504 0 P 0
L 8.6304724 2.9531496 8.6895276 2.9531496 0 P 0
L 8.6304724 3.3068504 8.6304724 3.4131496 0 P 0
L 8.6304724 3.3068504 8.6895276 3.3068504 0 P 0
L 8.6304724 3.4131496 8.6895276 3.4131496 0 P 0
L 8.6304724 3.7668504 8.6304724 3.8731496 0 P 0
L 8.6304724 3.7668504 8.6895276 3.7668504 0 P 0
L 8.6304724 3.8731496 8.6895276 3.8731496 0 P 0
L 8.6304724 4.2268504 8.6304724 4.3331496 0 P 0
L 8.6304724 4.2268504 8.6895276 4.2268504 0 P 0
L 8.6304724 4.3331496 8.6895276 4.3331496 0 P 0
L 8.6304724 4.6868504 8.6304724 4.7931496 0 P 0
L 8.6304724 4.6868504 8.6895276 4.6868504 0 P 0
L 8.6304724 4.7931496 8.6895276 4.7931496 0 P 0
L 8.6304724 5.1468504 8.6304724 5.2531496 0 P 0
L 8.6304724 5.1468504 8.6895276 5.1468504 0 P 0
L 8.6304724 5.2531496 8.6895276 5.2531496 0 P 0
L 8.6895276 1.9268504 8.6895276 2.0331496 0 P 0
L 8.6895276 2.3868504 8.6895276 2.4931496 0 P 0
L 8.6895276 2.8468504 8.6895276 2.9531496 0 P 0
L 8.6895276 3.3068504 8.6895276 3.4131496 0 P 0
L 8.6895276 3.7668504 8.6895276 3.8731496 0 P 0
L 8.6895276 4.2268504 8.6895276 4.3331496 0 P 0
L 8.6895276 4.6868504 8.6895276 4.7931496 0 P 0
L 8.6895276 5.1468504 8.6895276 5.2531496 0 P 0
L 8.7104724 1.9268504 8.7104724 2.0331496 0 P 0
L 8.7104724 1.9268504 8.7695276 1.9268504 0 P 0
L 8.7104724 2.0331496 8.7695276 2.0331496 0 P 0
L 8.7104724 2.3868504 8.7104724 2.4931496 0 P 0
L 8.7104724 2.3868504 8.7695276 2.3868504 0 P 0
L 8.7104724 2.4931496 8.7695276 2.4931496 0 P 0
L 8.7104724 2.8468504 8.7104724 2.9531496 0 P 0
L 8.7104724 2.8468504 8.7695276 2.8468504 0 P 0
L 8.7104724 2.9531496 8.7695276 2.9531496 0 P 0
L 8.7104724 3.3068504 8.7104724 3.4131496 0 P 0
L 8.7104724 3.3068504 8.7695276 3.3068504 0 P 0
L 8.7104724 3.4131496 8.7695276 3.4131496 0 P 0
L 8.7104724 3.7668504 8.7104724 3.8731496 0 P 0
L 8.7104724 3.7668504 8.7695276 3.7668504 0 P 0
L 8.7104724 3.8731496 8.7695276 3.8731496 0 P 0
L 8.7104724 4.2268504 8.7104724 4.3331496 0 P 0
L 8.7104724 4.2268504 8.7695276 4.2268504 0 P 0
L 8.7104724 4.3331496 8.7695276 4.3331496 0 P 0
L 8.7104724 4.6868504 8.7104724 4.7931496 0 P 0
L 8.7104724 4.6868504 8.7695276 4.6868504 0 P 0
L 8.7104724 4.7931496 8.7695276 4.7931496 0 P 0
L 8.7104724 5.1468504 8.7104724 5.2531496 0 P 0
L 8.7104724 5.1468504 8.7695276 5.1468504 0 P 0
L 8.7104724 5.2531496 8.7695276 5.2531496 0 P 0
L 8.7695276 1.9268504 8.7695276 2.0331496 0 P 0
L 8.7695276 2.3868504 8.7695276 2.4931496 0 P 0
L 8.7695276 2.8468504 8.7695276 2.9531496 0 P 0
L 8.7695276 3.3068504 8.7695276 3.4131496 0 P 0
L 8.7695276 3.7668504 8.7695276 3.8731496 0 P 0
L 8.7695276 4.2268504 8.7695276 4.3331496 0 P 0
L 8.7695276 4.6868504 8.7695276 4.7931496 0 P 0
L 8.7695276 5.1468504 8.7695276 5.2531496 0 P 0
L 8.7939764 1.2516535 8.7939764 1.4583465 0 P 0
L 8.7939764 1.2516535 8.9790158 1.2516535 0 P 0
L 8.7939764 1.4583465 8.9790158 1.4583465 0 P 0
L 8.9790158 1.2516535 8.9790158 1.4583465 0 P 0
L 9.8468504 1.2704724 9.8468504 1.3295276 0 P 0
L 9.8468504 1.2704724 9.9531496 1.2704724 0 P 0
L 9.8468504 1.3295276 9.9531496 1.3295276 0 P 0
L 9.8468504 5.2704724 9.8468504 5.3295276 0 P 0
L 9.8468504 5.2704724 9.9531496 5.2704724 0 P 0
L 9.8468504 5.3295276 9.9531496 5.3295276 0 P 0
L 9.9531496 1.2704724 9.9531496 1.3295276 0 P 0
L 9.9531496 5.2704724 9.9531496 5.3295276 0 P 0
