#Layer_Color=0
#
#Feature symbol names
#
$0 r3.937

#
#Feature attribute names
#

#
#Layer features
#
L 1.280315 1.7 1.319685 1.7 0 P 0
L 1.280315 4.9 1.319685 4.9 0 P 0
L 1.3 1.680315 1.3 1.719685 0 P 0
L 1.3 4.880315 1.3 4.919685 0 P 0
L 1.430315 3.975 1.469685 3.975 0 P 0
L 1.430315 4.1 1.469685 4.1 0 P 0
L 1.45 3.955315 1.45 3.994685 0 P 0
L 1.45 4.080315 1.45 4.119685 0 P 0
L 1.880315 1.4 1.919685 1.4 0 P 0
L 1.9 1.380315 1.9 1.419685 0 P 0
L 2.480315 2.175 2.519685 2.175 0 P 0
L 2.5 2.155315 2.5 2.194685 0 P 0
L 2.630315 1.4 2.669685 1.4 0 P 0
L 2.65 1.380315 2.65 1.419685 0 P 0
L 2.655315 2.175 2.694685 2.175 0 P 0
L 2.675 2.155315 2.675 2.194685 0 P 0
L 3.180315 1.275 3.219685 1.275 0 P 0
L 3.2 1.255315 3.2 1.294685 0 P 0
L 3.480315 1.275 3.519685 1.275 0 P 0
L 3.5 1.255315 3.5 1.294685 0 P 0
L 3.740315 1.81 3.779685 1.81 0 P 0
L 3.740315 2.13 3.779685 2.13 0 P 0
L 3.76 1.790315 3.76 1.829685 0 P 0
L 3.76 2.110315 3.76 2.149685 0 P 0
L 4.005315 1.2338976 4.044685 1.2338976 0 P 0
L 4.025 1.2142126 4.025 1.2535826 0 P 0
L 4.290315 1.81 4.329685 1.81 0 P 0
L 4.290315 2.13 4.329685 2.13 0 P 0
L 4.31 1.790315 4.31 1.829685 0 P 0
L 4.31 2.110315 4.31 2.149685 0 P 0
L 5.680315 1.3 5.719685 1.3 0 P 0
L 5.680315 5.3 5.719685 5.3 0 P 0
L 5.7 1.280315 5.7 1.319685 0 P 0
L 5.7 5.280315 5.7 5.319685 0 P 0
L 8.1218111 1.265 8.1611811 1.265 0 P 0
L 8.140315 1.98 8.179685 1.98 0 P 0
L 8.140315 2.44 8.179685 2.44 0 P 0
L 8.140315 2.9 8.179685 2.9 0 P 0
L 8.140315 3.36 8.179685 3.36 0 P 0
L 8.140315 3.82 8.179685 3.82 0 P 0
L 8.140315 4.28 8.179685 4.28 0 P 0
L 8.140315 4.74 8.179685 4.74 0 P 0
L 8.140315 5.2 8.179685 5.2 0 P 0
L 8.1414961 1.245315 8.1414961 1.284685 0 P 0
L 8.16 1.960315 8.16 1.999685 0 P 0
L 8.16 2.420315 8.16 2.459685 0 P 0
L 8.16 2.880315 8.16 2.919685 0 P 0
L 8.16 3.340315 8.16 3.379685 0 P 0
L 8.16 3.800315 8.16 3.839685 0 P 0
L 8.16 4.260315 8.16 4.299685 0 P 0
L 8.16 4.720315 8.16 4.759685 0 P 0
L 8.16 5.180315 8.16 5.219685 0 P 0
L 8.220315 1.98 8.259685 1.98 0 P 0
L 8.220315 2.44 8.259685 2.44 0 P 0
L 8.220315 2.9 8.259685 2.9 0 P 0
L 8.220315 3.36 8.259685 3.36 0 P 0
L 8.220315 3.82 8.259685 3.82 0 P 0
L 8.220315 4.28 8.259685 4.28 0 P 0
L 8.220315 4.74 8.259685 4.74 0 P 0
L 8.220315 5.2 8.259685 5.2 0 P 0
L 8.24 1.960315 8.24 1.999685 0 P 0
L 8.24 2.420315 8.24 2.459685 0 P 0
L 8.24 2.880315 8.24 2.919685 0 P 0
L 8.24 3.340315 8.24 3.379685 0 P 0
L 8.24 3.800315 8.24 3.839685 0 P 0
L 8.24 4.260315 8.24 4.299685 0 P 0
L 8.24 4.720315 8.24 4.759685 0 P 0
L 8.24 5.180315 8.24 5.219685 0 P 0
L 8.4618111 1.195 8.5011811 1.195 0 P 0
L 8.4814961 1.175315 8.4814961 1.214685 0 P 0
L 8.640315 1.98 8.679685 1.98 0 P 0
L 8.640315 2.44 8.679685 2.44 0 P 0
L 8.640315 2.9 8.679685 2.9 0 P 0
L 8.640315 3.36 8.679685 3.36 0 P 0
L 8.640315 3.82 8.679685 3.82 0 P 0
L 8.640315 4.28 8.679685 4.28 0 P 0
L 8.640315 4.74 8.679685 4.74 0 P 0
L 8.640315 5.2 8.679685 5.2 0 P 0
L 8.66 1.960315 8.66 1.999685 0 P 0
L 8.66 2.420315 8.66 2.459685 0 P 0
L 8.66 2.880315 8.66 2.919685 0 P 0
L 8.66 3.340315 8.66 3.379685 0 P 0
L 8.66 3.800315 8.66 3.839685 0 P 0
L 8.66 4.260315 8.66 4.299685 0 P 0
L 8.66 4.720315 8.66 4.759685 0 P 0
L 8.66 5.180315 8.66 5.219685 0 P 0
L 8.720315 1.98 8.759685 1.98 0 P 0
L 8.720315 2.44 8.759685 2.44 0 P 0
L 8.720315 2.9 8.759685 2.9 0 P 0
L 8.720315 3.36 8.759685 3.36 0 P 0
L 8.720315 3.82 8.759685 3.82 0 P 0
L 8.720315 4.28 8.759685 4.28 0 P 0
L 8.720315 4.74 8.759685 4.74 0 P 0
L 8.720315 5.2 8.759685 5.2 0 P 0
L 8.74 1.960315 8.74 1.999685 0 P 0
L 8.74 2.420315 8.74 2.459685 0 P 0
L 8.74 2.880315 8.74 2.919685 0 P 0
L 8.74 3.340315 8.74 3.379685 0 P 0
L 8.74 3.800315 8.74 3.839685 0 P 0
L 8.74 4.260315 8.74 4.299685 0 P 0
L 8.74 4.720315 8.74 4.759685 0 P 0
L 8.74 5.180315 8.74 5.219685 0 P 0
L 8.8668111 1.355 8.9061811 1.355 0 P 0
L 8.8864961 1.335315 8.8864961 1.374685 0 P 0
L 9.880315 1.3 9.919685 1.3 0 P 0
L 9.880315 5.3 9.919685 5.3 0 P 0
L 9.9 1.280315 9.9 1.319685 0 P 0
L 9.9 5.280315 9.9 5.319685 0 P 0
