#Layer_Color=8388736
#
#Feature symbol names
#
$0 r7.874

#
#Feature attribute names
#

#
#Layer features
#
L 1.2822835 1.6665354 1.2822835 1.7334646 0 P 0
L 1.2822835 1.6665354 1.3177165 1.6665354 0 P 0
L 1.2822835 1.7334646 1.3177165 1.7334646 0 P 0
L 1.2822835 4.8665354 1.2822835 4.9334646 0 P 0
L 1.2822835 4.8665354 1.3177165 4.8665354 0 P 0
L 1.2822835 4.9334646 1.3177165 4.9334646 0 P 0
L 1.3177165 1.6665354 1.3177165 1.7334646 0 P 0
L 1.3177165 4.8665354 1.3177165 4.9334646 0 P 0
L 1.6893701 0.9275591 1.6893701 1.8724409 0 P 0
L 1.6893701 0.9275591 2.1106299 0.9275591 0 P 0
L 1.6893701 1.8724409 2.1106299 1.8724409 0 P 0
L 2.1106299 0.9275591 2.1106299 1.8724409 0 P 0
L 2.4393701 0.9275591 2.4393701 1.8724409 0 P 0
L 2.4393701 0.9275591 2.8606299 0.9275591 0 P 0
L 2.4393701 1.8724409 2.8606299 1.8724409 0 P 0
L 2.8606299 0.9275591 2.8606299 1.8724409 0 P 0
L 3.117 1.069 3.117 1.481 0 P 0
L 3.117 1.069 3.283 1.069 0 P 0
L 3.117 1.481 3.283 1.481 0 P 0
L 3.283 1.069 3.283 1.481 0 P 0
L 3.417 1.069 3.417 1.481 0 P 0
L 3.417 1.069 3.583 1.069 0 P 0
L 3.417 1.481 3.583 1.481 0 P 0
L 3.583 1.069 3.583 1.481 0 P 0
L 3.7422835 1.7765354 3.7422835 1.8434646 0 P 0
L 3.7422835 1.7765354 3.7777165 1.7765354 0 P 0
L 3.7422835 1.8434646 3.7777165 1.8434646 0 P 0
L 3.7422835 2.0965354 3.7422835 2.1634646 0 P 0
L 3.7422835 2.0965354 3.7777165 2.0965354 0 P 0
L 3.7422835 2.1634646 3.7777165 2.1634646 0 P 0
L 3.7777165 1.7765354 3.7777165 1.8434646 0 P 0
L 3.7777165 2.0965354 3.7777165 2.1634646 0 P 0
L 3.8832677 1.0035826 3.8832677 1.4642126 0 P 0
L 3.8832677 1.0035826 4.1667323 1.0035826 0 P 0
L 3.8832677 1.4642126 4.1667323 1.4642126 0 P 0
L 4.1667323 1.0035826 4.1667323 1.4642126 0 P 0
L 4.2922835 1.7765354 4.2922835 1.8434646 0 P 0
L 4.2922835 1.7765354 4.3277165 1.7765354 0 P 0
L 4.2922835 1.8434646 4.3277165 1.8434646 0 P 0
L 4.2922835 2.0965354 4.2922835 2.1634646 0 P 0
L 4.2922835 2.0965354 4.3277165 2.0965354 0 P 0
L 4.2922835 2.1634646 4.3277165 2.1634646 0 P 0
L 4.3277165 1.7765354 4.3277165 1.8434646 0 P 0
L 4.3277165 2.0965354 4.3277165 2.1634646 0 P 0
L 4.4175197 1.2344488 4.4175197 1.4155512 0 P 0
L 4.4175197 1.2344488 4.5324803 1.2344488 0 P 0
L 4.4175197 1.4155512 4.5324803 1.4155512 0 P 0
L 4.5324803 1.2344488 4.5324803 1.4155512 0 P 0
L 5.6665354 1.2822835 5.6665354 1.3177165 0 P 0
L 5.6665354 1.2822835 5.7334646 1.2822835 0 P 0
L 5.6665354 1.3177165 5.7334646 1.3177165 0 P 0
L 5.6665354 5.2822835 5.6665354 5.3177165 0 P 0
L 5.6665354 5.2822835 5.7334646 5.2822835 0 P 0
L 5.6665354 5.3177165 5.7334646 5.3177165 0 P 0
L 5.7334646 1.2822835 5.7334646 1.3177165 0 P 0
L 5.7334646 5.2822835 5.7334646 5.3177165 0 P 0
L 8.1237796 1.2315354 8.1237796 1.2984646 0 P 0
L 8.1237796 1.2315354 8.1592126 1.2315354 0 P 0
L 8.1237796 1.2984646 8.1592126 1.2984646 0 P 0
L 8.1422835 1.9465354 8.1422835 2.0134646 0 P 0
L 8.1422835 1.9465354 8.1777165 1.9465354 0 P 0
L 8.1422835 2.0134646 8.1777165 2.0134646 0 P 0
L 8.1422835 2.4065354 8.1422835 2.4734646 0 P 0
L 8.1422835 2.4065354 8.1777165 2.4065354 0 P 0
L 8.1422835 2.4734646 8.1777165 2.4734646 0 P 0
L 8.1422835 2.8665354 8.1422835 2.9334646 0 P 0
L 8.1422835 2.8665354 8.1777165 2.8665354 0 P 0
L 8.1422835 2.9334646 8.1777165 2.9334646 0 P 0
L 8.1422835 3.3265354 8.1422835 3.3934646 0 P 0
L 8.1422835 3.3265354 8.1777165 3.3265354 0 P 0
L 8.1422835 3.3934646 8.1777165 3.3934646 0 P 0
L 8.1422835 3.7865354 8.1422835 3.8534646 0 P 0
L 8.1422835 3.7865354 8.1777165 3.7865354 0 P 0
L 8.1422835 3.8534646 8.1777165 3.8534646 0 P 0
L 8.1422835 4.2465354 8.1422835 4.3134646 0 P 0
L 8.1422835 4.2465354 8.1777165 4.2465354 0 P 0
L 8.1422835 4.3134646 8.1777165 4.3134646 0 P 0
L 8.1422835 4.7065354 8.1422835 4.7734646 0 P 0
L 8.1422835 4.7065354 8.1777165 4.7065354 0 P 0
L 8.1422835 4.7734646 8.1777165 4.7734646 0 P 0
L 8.1422835 5.1665354 8.1422835 5.2334646 0 P 0
L 8.1422835 5.1665354 8.1777165 5.1665354 0 P 0
L 8.1422835 5.2334646 8.1777165 5.2334646 0 P 0
L 8.1592126 1.2315354 8.1592126 1.2984646 0 P 0
L 8.1777165 1.9465354 8.1777165 2.0134646 0 P 0
L 8.1777165 2.4065354 8.1777165 2.4734646 0 P 0
L 8.1777165 2.8665354 8.1777165 2.9334646 0 P 0
L 8.1777165 3.3265354 8.1777165 3.3934646 0 P 0
L 8.1777165 3.7865354 8.1777165 3.8534646 0 P 0
L 8.1777165 4.2465354 8.1777165 4.3134646 0 P 0
L 8.1777165 4.7065354 8.1777165 4.7734646 0 P 0
L 8.1777165 5.1665354 8.1777165 5.2334646 0 P 0
L 8.2222835 1.9465354 8.2222835 2.0134646 0 P 0
L 8.2222835 1.9465354 8.2577165 1.9465354 0 P 0
L 8.2222835 2.0134646 8.2577165 2.0134646 0 P 0
L 8.2222835 2.4065354 8.2222835 2.4734646 0 P 0
L 8.2222835 2.4065354 8.2577165 2.4065354 0 P 0
L 8.2222835 2.4734646 8.2577165 2.4734646 0 P 0
L 8.2222835 2.8665354 8.2222835 2.9334646 0 P 0
L 8.2222835 2.8665354 8.2577165 2.8665354 0 P 0
L 8.2222835 2.9334646 8.2577165 2.9334646 0 P 0
L 8.2222835 3.3265354 8.2222835 3.3934646 0 P 0
L 8.2222835 3.3265354 8.2577165 3.3265354 0 P 0
L 8.2222835 3.3934646 8.2577165 3.3934646 0 P 0
L 8.2222835 3.7865354 8.2222835 3.8534646 0 P 0
L 8.2222835 3.7865354 8.2577165 3.7865354 0 P 0
L 8.2222835 3.8534646 8.2577165 3.8534646 0 P 0
L 8.2222835 4.2465354 8.2222835 4.3134646 0 P 0
L 8.2222835 4.2465354 8.2577165 4.2465354 0 P 0
L 8.2222835 4.3134646 8.2577165 4.3134646 0 P 0
L 8.2222835 4.7065354 8.2222835 4.7734646 0 P 0
L 8.2222835 4.7065354 8.2577165 4.7065354 0 P 0
L 8.2222835 4.7734646 8.2577165 4.7734646 0 P 0
L 8.2222835 5.1665354 8.2222835 5.2334646 0 P 0
L 8.2222835 5.1665354 8.2577165 5.1665354 0 P 0
L 8.2222835 5.2334646 8.2577165 5.2334646 0 P 0
L 8.2577165 1.9465354 8.2577165 2.0134646 0 P 0
L 8.2577165 2.4065354 8.2577165 2.4734646 0 P 0
L 8.2577165 2.8665354 8.2577165 2.9334646 0 P 0
L 8.2577165 3.3265354 8.2577165 3.3934646 0 P 0
L 8.2577165 3.7865354 8.2577165 3.8534646 0 P 0
L 8.2577165 4.2465354 8.2577165 4.3134646 0 P 0
L 8.2577165 4.7065354 8.2577165 4.7734646 0 P 0
L 8.2577165 5.1665354 8.2577165 5.2334646 0 P 0
L 8.4480315 1.1772835 8.4480315 1.2127165 0 P 0
L 8.4480315 1.1772835 8.5149607 1.1772835 0 P 0
L 8.4480315 1.2127165 8.5149607 1.2127165 0 P 0
L 8.5149607 1.1772835 8.5149607 1.2127165 0 P 0
L 8.6422835 1.9465354 8.6422835 2.0134646 0 P 0
L 8.6422835 1.9465354 8.6777165 1.9465354 0 P 0
L 8.6422835 2.0134646 8.6777165 2.0134646 0 P 0
L 8.6422835 2.4065354 8.6422835 2.4734646 0 P 0
L 8.6422835 2.4065354 8.6777165 2.4065354 0 P 0
L 8.6422835 2.4734646 8.6777165 2.4734646 0 P 0
L 8.6422835 2.8665354 8.6422835 2.9334646 0 P 0
L 8.6422835 2.8665354 8.6777165 2.8665354 0 P 0
L 8.6422835 2.9334646 8.6777165 2.9334646 0 P 0
L 8.6422835 3.3265354 8.6422835 3.3934646 0 P 0
L 8.6422835 3.3265354 8.6777165 3.3265354 0 P 0
L 8.6422835 3.3934646 8.6777165 3.3934646 0 P 0
L 8.6422835 3.7865354 8.6422835 3.8534646 0 P 0
L 8.6422835 3.7865354 8.6777165 3.7865354 0 P 0
L 8.6422835 3.8534646 8.6777165 3.8534646 0 P 0
L 8.6422835 4.2465354 8.6422835 4.3134646 0 P 0
L 8.6422835 4.2465354 8.6777165 4.2465354 0 P 0
L 8.6422835 4.3134646 8.6777165 4.3134646 0 P 0
L 8.6422835 4.7065354 8.6422835 4.7734646 0 P 0
L 8.6422835 4.7065354 8.6777165 4.7065354 0 P 0
L 8.6422835 4.7734646 8.6777165 4.7734646 0 P 0
L 8.6422835 5.1665354 8.6422835 5.2334646 0 P 0
L 8.6422835 5.1665354 8.6777165 5.1665354 0 P 0
L 8.6422835 5.2334646 8.6777165 5.2334646 0 P 0
L 8.6777165 1.9465354 8.6777165 2.0134646 0 P 0
L 8.6777165 2.4065354 8.6777165 2.4734646 0 P 0
L 8.6777165 2.8665354 8.6777165 2.9334646 0 P 0
L 8.6777165 3.3265354 8.6777165 3.3934646 0 P 0
L 8.6777165 3.7865354 8.6777165 3.8534646 0 P 0
L 8.6777165 4.2465354 8.6777165 4.3134646 0 P 0
L 8.6777165 4.7065354 8.6777165 4.7734646 0 P 0
L 8.6777165 5.1665354 8.6777165 5.2334646 0 P 0
L 8.7222835 1.9465354 8.7222835 2.0134646 0 P 0
L 8.7222835 1.9465354 8.7577165 1.9465354 0 P 0
L 8.7222835 2.0134646 8.7577165 2.0134646 0 P 0
L 8.7222835 2.4065354 8.7222835 2.4734646 0 P 0
L 8.7222835 2.4065354 8.7577165 2.4065354 0 P 0
L 8.7222835 2.4734646 8.7577165 2.4734646 0 P 0
L 8.7222835 2.8665354 8.7222835 2.9334646 0 P 0
L 8.7222835 2.8665354 8.7577165 2.8665354 0 P 0
L 8.7222835 2.9334646 8.7577165 2.9334646 0 P 0
L 8.7222835 3.3265354 8.7222835 3.3934646 0 P 0
L 8.7222835 3.3265354 8.7577165 3.3265354 0 P 0
L 8.7222835 3.3934646 8.7577165 3.3934646 0 P 0
L 8.7222835 3.7865354 8.7222835 3.8534646 0 P 0
L 8.7222835 3.7865354 8.7577165 3.7865354 0 P 0
L 8.7222835 3.8534646 8.7577165 3.8534646 0 P 0
L 8.7222835 4.2465354 8.7222835 4.3134646 0 P 0
L 8.7222835 4.2465354 8.7577165 4.2465354 0 P 0
L 8.7222835 4.3134646 8.7577165 4.3134646 0 P 0
L 8.7222835 4.7065354 8.7222835 4.7734646 0 P 0
L 8.7222835 4.7065354 8.7577165 4.7065354 0 P 0
L 8.7222835 4.7734646 8.7577165 4.7734646 0 P 0
L 8.7222835 5.1665354 8.7222835 5.2334646 0 P 0
L 8.7222835 5.1665354 8.7577165 5.1665354 0 P 0
L 8.7222835 5.2334646 8.7577165 5.2334646 0 P 0
L 8.7577165 1.9465354 8.7577165 2.0134646 0 P 0
L 8.7577165 2.4065354 8.7577165 2.4734646 0 P 0
L 8.7577165 2.8665354 8.7577165 2.9334646 0 P 0
L 8.7577165 3.3265354 8.7577165 3.3934646 0 P 0
L 8.7577165 3.7865354 8.7577165 3.8534646 0 P 0
L 8.7577165 4.2465354 8.7577165 4.3134646 0 P 0
L 8.7577165 4.7065354 8.7577165 4.7734646 0 P 0
L 8.7577165 5.1665354 8.7577165 5.2334646 0 P 0
L 8.8126772 1.2555906 8.8126772 1.4544094 0 P 0
L 8.8126772 1.2555906 8.960315 1.2555906 0 P 0
L 8.8126772 1.4544094 8.960315 1.4544094 0 P 0
L 8.960315 1.2555906 8.960315 1.4544094 0 P 0
L 9.8665354 1.2822835 9.8665354 1.3177165 0 P 0
L 9.8665354 1.2822835 9.9334646 1.2822835 0 P 0
L 9.8665354 1.3177165 9.9334646 1.3177165 0 P 0
L 9.8665354 5.2822835 9.8665354 5.3177165 0 P 0
L 9.8665354 5.2822835 9.9334646 5.2822835 0 P 0
L 9.8665354 5.3177165 9.9334646 5.3177165 0 P 0
L 9.9334646 1.2822835 9.9334646 1.3177165 0 P 0
L 9.9334646 5.2822835 9.9334646 5.3177165 0 P 0
