#Layer_Color=1265191
#
#Feature symbol names
#
$0 r1.9685
$1 r3.937

#
#Feature attribute names
#

#
#Layer features
#
A 8.3404331 1.12 8.3404331 1.12 8.2864961 1.12 0 P 0 N
A 8.8704331 1.12 8.8704331 1.12 8.8164961 1.12 0 P 0 N
L 1.146063 4.596063 1.146063 4.703937 0 P 0
L 1.146063 4.596063 1.358937 4.596063 0 P 0
L 1.146063 4.703937 1.358937 4.703937 0 P 0
L 1.1963779 1.6586614 1.1963779 1.7413386 0 P 0
L 1.1963779 1.6586614 1.243622 1.6586614 0 P 0
L 1.1963779 1.7413386 1.243622 1.7413386 0 P 0
L 1.196378 4.8586614 1.196378 4.9413386 0 P 0
L 1.196378 4.8586614 1.2436221 4.8586614 0 P 0
L 1.196378 4.9413386 1.2436221 4.9413386 0 P 0
L 1.1990157 1.974063 1.1990157 2.231937 0 P 0
L 1.1990157 1.974063 1.4009843 1.974063 0 P 0
L 1.1990157 2.231937 1.4009843 2.231937 0 P 0
L 1.2012992 1.7 1.2387008 1.7 1 P 0
L 1.2012992 4.9 1.2387008 4.9 1 P 0
L 1.22 1.6812992 1.22 1.7187008 1 P 0
L 1.22 4.8812992 1.22 4.9187008 1 P 0
L 1.2274409 3.0661024 1.2274409 3.2038976 0 P 0
L 1.2274409 3.0661024 1.2825591 3.0661024 0 P 0
L 1.2274409 3.2038976 1.2825591 3.2038976 0 P 0
L 1.2274409 3.5161024 1.2274409 3.6538976 0 P 0
L 1.2274409 3.5161024 1.2825591 3.5161024 0 P 0
L 1.2274409 3.6538976 1.2825591 3.6538976 0 P 0
L 1.2274409 3.9411024 1.2274409 4.0788976 0 P 0
L 1.2274409 3.9411024 1.2825591 3.9411024 0 P 0
L 1.2274409 4.0788976 1.2825591 4.0788976 0 P 0
L 1.230315 4.65 1.269685 4.65 1 P 0
L 1.2313779 3.2460236 1.2313779 3.3287008 0 P 0
L 1.2313779 3.2460236 1.278622 3.2460236 0 P 0
L 1.2313779 3.3287008 1.278622 3.3287008 0 P 0
L 1.2313779 3.6936614 1.2313779 3.7763386 0 P 0
L 1.2313779 3.6936614 1.278622 3.6936614 0 P 0
L 1.2313779 3.7763386 1.278622 3.7763386 0 P 0
L 1.2313779 4.1186614 1.2313779 4.2013386 0 P 0
L 1.2313779 4.1186614 1.278622 4.1186614 0 P 0
L 1.2313779 4.2013386 1.278622 4.2013386 0 P 0
L 1.2362992 3.2873622 1.2737008 3.2873622 1 P 0
L 1.2362992 3.735 1.2737008 3.735 1 P 0
L 1.2362992 4.16 1.2737008 4.16 1 P 0
L 1.243622 1.6586614 1.243622 1.7413386 0 P 0
L 1.2436221 4.8586614 1.2436221 4.9413386 0 P 0
L 1.2451575 3.135 1.2648425 3.135 1 P 0
L 1.2451575 3.585 1.2648425 3.585 1 P 0
L 1.2451575 4.01 1.2648425 4.01 1 P 0
L 1.25 4.630315 1.25 4.669685 1 P 0
L 1.255 3.1251575 1.255 3.1448425 1 P 0
L 1.255 3.2686614 1.255 3.306063 1 P 0
L 1.255 3.5751575 1.255 3.5948425 1 P 0
L 1.255 3.7162992 1.255 3.7537008 1 P 0
L 1.255 4.0001575 1.255 4.0198425 1 P 0
L 1.255 4.1412992 1.255 4.1787008 1 P 0
L 1.278622 3.2460236 1.278622 3.3287008 0 P 0
L 1.278622 3.6936614 1.278622 3.7763386 0 P 0
L 1.278622 4.1186614 1.278622 4.2013386 0 P 0
L 1.280315 2.1 1.319685 2.1 1 P 0
L 1.2825591 3.0661024 1.2825591 3.2038976 0 P 0
L 1.2825591 3.5161024 1.2825591 3.6538976 0 P 0
L 1.2825591 3.9411024 1.2825591 4.0788976 0 P 0
L 1.3 2.080315 1.3 2.119685 1 P 0
L 1.3574803 3.0612598 1.3574803 3.2187401 0 P 0
L 1.3574803 3.0612598 1.5425197 3.0612598 0 P 0
L 1.3574803 3.2187401 1.5425197 3.2187401 0 P 0
L 1.3574803 3.9212598 1.3574803 4.0787401 0 P 0
L 1.3574803 3.9212598 1.5425197 3.9212598 0 P 0
L 1.3574803 4.0787401 1.5425197 4.0787401 0 P 0
L 1.358937 4.596063 1.358937 4.703937 0 P 0
L 1.4009843 1.974063 1.4009843 2.231937 0 P 0
L 1.430315 3.14 1.4696851 3.14 1 P 0
L 1.430315 4 1.4696851 4 1 P 0
L 1.45 3.1203149 1.45 3.159685 1 P 0
L 1.45 3.9803149 1.45 4.019685 1 P 0
L 1.5425197 3.0612598 1.5425197 3.2187401 0 P 0
L 1.5425197 3.9212598 1.5425197 4.0787401 0 P 0
L 10.080315 1.9 10.119685 1.9 0 P 0
L 10.080315 2.3 10.119685 2.3 0 P 0
L 10.080315 2.7 10.119685 2.7 0 P 0
L 10.080315 3.1 10.119685 3.1 0 P 0
L 10.080315 3.5 10.119685 3.5 0 P 0
L 10.080315 3.9 10.119685 3.9 0 P 0
L 10.080315 4.3 10.119685 4.3 0 P 0
L 10.080315 4.7 10.119685 4.7 0 P 0
L 10.1 1.880315 10.1 1.919685 0 P 0
L 10.1 2.280315 10.1 2.319685 0 P 0
L 10.1 2.680315 10.1 2.719685 0 P 0
L 10.1 3.080315 10.1 3.119685 0 P 0
L 10.1 3.480315 10.1 3.519685 0 P 0
L 10.1 3.880315 10.1 3.919685 0 P 0
L 10.1 4.280315 10.1 4.319685 0 P 0
L 10.1 4.680315 10.1 4.719685 0 P 0
L 10.3137795 1.8222441 10.3137795 1.9777559 0 P 0
L 10.3137795 2.2222441 10.3137795 2.3777559 0 P 0
L 10.3137795 2.6222441 10.3137795 2.7777559 0 P 0
L 10.3137795 3.0222441 10.3137795 3.1777559 0 P 0
L 10.3137795 3.4222441 10.3137795 3.5777559 0 P 0
L 10.3137795 3.8222441 10.3137795 3.9777559 0 P 0
L 10.3137795 4.2222441 10.3137795 4.3777559 0 P 0
L 10.3137795 4.6222441 10.3137795 4.7777559 0 P 0
L 3.1096063 1.9592914 3.1096063 2.1207087 0 P 0
L 3.1096063 1.9592914 3.3103937 1.9592914 0 P 0
L 3.1096063 2.1207087 3.3103937 2.1207087 0 P 0
L 3.126378 1.8336614 3.126378 1.9163386 0 P 0
L 3.126378 1.8336614 3.1736221 1.8336614 0 P 0
L 3.126378 1.9163386 3.1736221 1.9163386 0 P 0
L 3.1312992 1.875 3.1687008 1.875 1 P 0
L 3.15 1.8562992 3.15 1.8937008 1 P 0
L 3.1736221 1.8336614 3.1736221 1.9163386 0 P 0
L 3.1903149 2.04 3.229685 2.04 1 P 0
L 3.21 2.020315 3.21 2.0596851 1 P 0
L 3.2513779 1.8336614 3.2513779 1.9163386 0 P 0
L 3.2513779 1.8336614 3.298622 1.8336614 0 P 0
L 3.2513779 1.9163386 3.298622 1.9163386 0 P 0
L 3.2562992 1.875 3.2937008 1.875 1 P 0
L 3.275 1.8562992 3.275 1.8937008 1 P 0
L 3.298622 1.8336614 3.298622 1.9163386 0 P 0
L 3.3103937 1.9592914 3.3103937 2.1207087 0 P 0
L 3.4102362 1.7564961 3.4102362 2.193504 0 P 0
L 3.4102362 1.7564961 3.6897638 1.7564961 0 P 0
L 3.4102362 2.193504 3.6897638 2.193504 0 P 0
L 3.5303149 1.975 3.569685 1.975 1 P 0
L 3.55 1.955315 3.55 1.9946851 1 P 0
L 3.6897638 1.7564961 3.6897638 2.193504 0 P 0
L 3.7206299 1.9130709 3.7206299 2.0469292 0 P 0
L 3.7206299 1.9130709 3.7993701 1.9130709 0 P 0
L 3.7206299 2.0469292 3.7993701 2.0469292 0 P 0
L 3.740315 1.98 3.779685 1.98 1 P 0
L 3.76 1.960315 3.76 1.9996851 1 P 0
L 3.7993701 1.9130709 3.7993701 2.0469292 0 P 0
L 3.9602362 1.7564961 3.9602362 2.193504 0 P 0
L 3.9602362 1.7564961 4.2397638 1.7564961 0 P 0
L 3.9602362 2.193504 4.2397638 2.193504 0 P 0
L 4.0803149 1.975 4.119685 1.975 1 P 0
L 4.1 1.955315 4.1 1.9946851 1 P 0
L 4.2397638 1.7564961 4.2397638 2.193504 0 P 0
L 4.2706299 1.9130709 4.2706299 2.0469292 0 P 0
L 4.2706299 1.9130709 4.3493701 1.9130709 0 P 0
L 4.2706299 2.0469292 4.3493701 2.0469292 0 P 0
L 4.290315 1.98 4.329685 1.98 1 P 0
L 4.31 1.960315 4.31 1.9996851 1 P 0
L 4.3493701 1.9130709 4.3493701 2.0469292 0 P 0
L 4.446063 1.746063 4.446063 1.853937 0 P 0
L 4.446063 1.746063 4.658937 1.746063 0 P 0
L 4.446063 1.853937 4.658937 1.853937 0 P 0
L 4.446063 1.921063 4.446063 2.028937 0 P 0
L 4.446063 1.921063 4.658937 1.921063 0 P 0
L 4.446063 2.028937 4.658937 2.028937 0 P 0
L 4.446063 2.096063 4.446063 2.203937 0 P 0
L 4.446063 2.096063 4.658937 2.096063 0 P 0
L 4.446063 2.203937 4.658937 2.203937 0 P 0
L 4.530315 1.8 4.569685 1.8 1 P 0
L 4.530315 1.975 4.569685 1.975 1 P 0
L 4.530315 2.15 4.569685 2.15 1 P 0
L 4.55 1.780315 4.55 1.819685 1 P 0
L 4.55 1.955315 4.55 1.994685 1 P 0
L 4.55 2.130315 4.55 2.169685 1 P 0
L 4.6106299 1.2580709 4.6106299 1.3919292 0 P 0
L 4.6106299 1.2580709 4.6893701 1.2580709 0 P 0
L 4.6106299 1.3919292 4.6893701 1.3919292 0 P 0
L 4.630315 1.325 4.669685 1.325 1 P 0
L 4.65 1.305315 4.65 1.3446851 1 P 0
L 4.658937 1.746063 4.658937 1.853937 0 P 0
L 4.658937 1.921063 4.658937 2.028937 0 P 0
L 4.658937 2.096063 4.658937 2.203937 0 P 0
L 4.6893701 1.2580709 4.6893701 1.3919292 0 P 0
L 5.6586614 1.196378 5.6586614 1.2436221 0 P 0
L 5.6586614 1.196378 5.7413386 1.196378 0 P 0
L 5.6586614 1.2436221 5.7413386 1.2436221 0 P 0
L 5.6586614 5.356378 5.6586614 5.4036221 0 P 0
L 5.6586614 5.356378 5.7413386 5.356378 0 P 0
L 5.6586614 5.4036221 5.7413386 5.4036221 0 P 0
L 5.6812992 1.22 5.7187008 1.22 1 P 0
L 5.6812992 5.38 5.7187008 5.38 1 P 0
L 5.7 1.2012992 5.7 1.2387008 1 P 0
L 5.7 5.3612992 5.7 5.3987008 1 P 0
L 5.7413386 1.196378 5.7413386 1.2436221 0 P 0
L 5.7413386 5.356378 5.7413386 5.4036221 0 P 0
L 7.596063 5.426063 7.596063 5.533937 0 P 0
L 7.596063 5.426063 7.808937 5.426063 0 P 0
L 7.596063 5.533937 7.808937 5.533937 0 P 0
L 7.680315 5.48 7.719685 5.48 1 P 0
L 7.7 5.460315 7.7 5.499685 1 P 0
L 7.808937 5.426063 7.808937 5.533937 0 P 0
L 7.987874 1.3736614 7.987874 1.4563386 0 P 0
L 7.987874 1.3736614 8.0351181 1.3736614 0 P 0
L 7.987874 1.4563386 8.0351181 1.4563386 0 P 0
L 7.9927953 1.415 8.0301969 1.415 1 P 0
L 8.0114961 1.3962992 8.0114961 1.4337008 1 P 0
L 8.0351181 1.3736614 8.0351181 1.4563386 0 P 0
L 8.0478741 1.3736614 8.0478741 1.4563386 0 P 0
L 8.0478741 1.3736614 8.0951182 1.3736614 0 P 0
L 8.0478741 1.4563386 8.0951182 1.4563386 0 P 0
L 8.0527953 1.415 8.0901969 1.415 1 P 0
L 8.0714961 1.3962992 8.0714961 1.4337008 1 P 0
L 8.0951182 1.3736614 8.0951182 1.4563386 0 P 0
L 8.1001575 1.3480709 8.1001575 1.4819291 0 P 0
L 8.1001575 1.3480709 8.1828347 1.3480709 0 P 0
L 8.1001575 1.4819291 8.1828347 1.4819291 0 P 0
L 8.1237796 1.415 8.1592126 1.415 1 P 0
L 8.1414961 1.3972835 8.1414961 1.4327165 1 P 0
L 8.1828347 1.3480709 8.1828347 1.4819291 0 P 0
L 8.2122835 1.4237402 8.3697638 1.4237402 0 P 0
L 8.2122836 1.2662598 8.2122836 1.2790551 0 P 0
L 8.2122836 1.2662598 8.3697639 1.2662598 0 P 0
L 8.2122836 1.2790551 8.2122836 1.4109449 0 P 0
L 8.2122836 1.4109449 8.2122836 1.4237401 0 P 0
L 8.2668111 1.12 8.3061811 1.12 1 P 0
L 8.2713387 1.345 8.3107088 1.345 1 P 0
L 8.2864961 1.100315 8.2864961 1.139685 1 P 0
L 8.2910237 1.325315 8.2910237 1.3646851 1 P 0
L 8.2944882 1.6446457 8.2944882 1.9753544 0 P 0
L 8.2944882 1.6446457 8.6055118 1.6446457 0 P 0
L 8.2944882 1.9753544 8.6055118 1.9753544 0 P 0
L 8.2944882 2.1046457 8.2944882 2.4353544 0 P 0
L 8.2944882 2.1046457 8.6055118 2.1046457 0 P 0
L 8.2944882 2.4353544 8.6055118 2.4353544 0 P 0
L 8.2944882 2.5646457 8.2944882 2.8953544 0 P 0
L 8.2944882 2.5646457 8.6055118 2.5646457 0 P 0
L 8.2944882 2.8953544 8.6055118 2.8953544 0 P 0
L 8.2944882 3.0246457 8.2944882 3.3553544 0 P 0
L 8.2944882 3.0246457 8.6055118 3.0246457 0 P 0
L 8.2944882 3.3553544 8.6055118 3.3553544 0 P 0
L 8.2944882 3.4846457 8.2944882 3.8153544 0 P 0
L 8.2944882 3.4846457 8.6055118 3.4846457 0 P 0
L 8.2944882 3.8153544 8.6055118 3.8153544 0 P 0
L 8.2944882 3.9446457 8.2944882 4.2753544 0 P 0
L 8.2944882 3.9446457 8.6055118 3.9446457 0 P 0
L 8.2944882 4.2753544 8.6055118 4.2753544 0 P 0
L 8.2944882 4.4046457 8.2944882 4.7353544 0 P 0
L 8.2944882 4.4046457 8.6055118 4.4046457 0 P 0
L 8.2944882 4.7353544 8.6055118 4.7353544 0 P 0
L 8.2944882 4.8646457 8.2944882 5.1953544 0 P 0
L 8.2944882 4.8646457 8.6055118 4.8646457 0 P 0
L 8.2944882 5.1953544 8.6055118 5.1953544 0 P 0
L 8.3486614 2.006378 8.3486614 2.0536221 0 P 0
L 8.3486614 2.006378 8.4313386 2.006378 0 P 0
L 8.3486614 2.0536221 8.4313386 2.0536221 0 P 0
L 8.3486614 2.466378 8.3486614 2.5136221 0 P 0
L 8.3486614 2.466378 8.4313386 2.466378 0 P 0
L 8.3486614 2.5136221 8.4313386 2.5136221 0 P 0
L 8.3486614 2.926378 8.3486614 2.9736221 0 P 0
L 8.3486614 2.926378 8.4313386 2.926378 0 P 0
L 8.3486614 2.9736221 8.4313386 2.9736221 0 P 0
L 8.3486614 3.386378 8.3486614 3.4336221 0 P 0
L 8.3486614 3.386378 8.4313386 3.386378 0 P 0
L 8.3486614 3.4336221 8.4313386 3.4336221 0 P 0
L 8.3486614 3.846378 8.3486614 3.8936221 0 P 0
L 8.3486614 3.846378 8.4313386 3.846378 0 P 0
L 8.3486614 3.8936221 8.4313386 3.8936221 0 P 0
L 8.3486614 4.306378 8.3486614 4.3536221 0 P 0
L 8.3486614 4.306378 8.4313386 4.306378 0 P 0
L 8.3486614 4.3536221 8.4313386 4.3536221 0 P 0
L 8.3486614 4.766378 8.3486614 4.8136221 0 P 0
L 8.3486614 4.766378 8.4313386 4.766378 0 P 0
L 8.3486614 4.8136221 8.4313386 4.8136221 0 P 0
L 8.3486614 5.226378 8.3486614 5.2736221 0 P 0
L 8.3486614 5.226378 8.4313386 5.226378 0 P 0
L 8.3486614 5.2736221 8.4313386 5.2736221 0 P 0
L 8.3486614 5.446378 8.3486614 5.4936221 0 P 0
L 8.3486614 5.446378 8.4313386 5.446378 0 P 0
L 8.3486614 5.4936221 8.4313386 5.4936221 0 P 0
L 8.3697639 1.2662598 8.3697639 1.2790551 0 P 0
L 8.3697639 1.2790551 8.3697639 1.4109449 0 P 0
L 8.3697639 1.4109449 8.3697639 1.4237401 0 P 0
L 8.3712992 2.03 8.4087008 2.03 1 P 0
L 8.3712992 2.49 8.4087008 2.49 1 P 0
L 8.3712992 2.95 8.4087008 2.95 1 P 0
L 8.3712992 3.41 8.4087008 3.41 1 P 0
L 8.3712992 3.87 8.4087008 3.87 1 P 0
L 8.3712992 4.33 8.4087008 4.33 1 P 0
L 8.3712992 4.79 8.4087008 4.79 1 P 0
L 8.3712992 5.25 8.4087008 5.25 1 P 0
L 8.3712992 5.47 8.4087008 5.47 1 P 0
L 8.39 2.0112992 8.39 2.0487008 1 P 0
L 8.39 2.4712992 8.39 2.5087008 1 P 0
L 8.39 2.9312992 8.39 2.9687008 1 P 0
L 8.39 3.3912992 8.39 3.4287008 1 P 0
L 8.39 3.8512992 8.39 3.8887008 1 P 0
L 8.39 4.3112992 8.39 4.3487008 1 P 0
L 8.39 4.7712992 8.39 4.8087008 1 P 0
L 8.39 5.2312992 8.39 5.2687008 1 P 0
L 8.39 5.4512992 8.39 5.4887008 1 P 0
L 8.414567 1.2456299 8.414567 1.3243701 0 P 0
L 8.414567 1.2456299 8.5484253 1.2456299 0 P 0
L 8.414567 1.3243701 8.5484253 1.3243701 0 P 0
L 8.427874 1.3736614 8.427874 1.4563386 0 P 0
L 8.427874 1.3736614 8.4751181 1.3736614 0 P 0
L 8.427874 1.4563386 8.4751181 1.4563386 0 P 0
L 8.430315 1.8100001 8.4696851 1.8100001 1 P 0
L 8.430315 2.2700001 8.4696851 2.2700001 1 P 0
L 8.430315 2.7300001 8.4696851 2.7300001 1 P 0
L 8.430315 3.1900001 8.4696851 3.1900001 1 P 0
L 8.430315 3.6500001 8.4696851 3.6500001 1 P 0
L 8.430315 4.1100001 8.4696851 4.1100001 1 P 0
L 8.430315 4.5700001 8.4696851 4.5700001 1 P 0
L 8.430315 5.0300001 8.4696851 5.0300001 1 P 0
L 8.4313386 2.006378 8.4313386 2.0536221 0 P 0
L 8.4313386 2.466378 8.4313386 2.5136221 0 P 0
L 8.4313386 2.926378 8.4313386 2.9736221 0 P 0
L 8.4313386 3.386378 8.4313386 3.4336221 0 P 0
L 8.4313386 3.846378 8.4313386 3.8936221 0 P 0
L 8.4313386 4.306378 8.4313386 4.3536221 0 P 0
L 8.4313386 4.766378 8.4313386 4.8136221 0 P 0
L 8.4313386 5.226378 8.4313386 5.2736221 0 P 0
L 8.4313386 5.446378 8.4313386 5.4936221 0 P 0
L 8.4327953 1.415 8.4701969 1.415 1 P 0
L 8.45 1.790315 8.45 1.8296851 1 P 0
L 8.45 2.250315 8.45 2.2896851 1 P 0
L 8.45 2.710315 8.45 2.7496851 1 P 0
L 8.45 3.170315 8.45 3.2096851 1 P 0
L 8.45 3.630315 8.45 3.6696851 1 P 0
L 8.45 4.090315 8.45 4.1296851 1 P 0
L 8.45 4.550315 8.45 4.5896851 1 P 0
L 8.45 5.010315 8.45 5.0496851 1 P 0
L 8.4514961 1.3962992 8.4514961 1.4337008 1 P 0
L 8.4618111 1.285 8.5011812 1.285 1 P 0
L 8.4686614 2.006378 8.4686614 2.0536221 0 P 0
L 8.4686614 2.006378 8.5513386 2.006378 0 P 0
L 8.4686614 2.0536221 8.5513386 2.0536221 0 P 0
L 8.4686614 2.466378 8.4686614 2.5136221 0 P 0
L 8.4686614 2.466378 8.5513386 2.466378 0 P 0
L 8.4686614 2.5136221 8.5513386 2.5136221 0 P 0
L 8.4686614 2.926378 8.4686614 2.9736221 0 P 0
L 8.4686614 2.926378 8.5513386 2.926378 0 P 0
L 8.4686614 2.9736221 8.5513386 2.9736221 0 P 0
L 8.4686614 3.386378 8.4686614 3.4336221 0 P 0
L 8.4686614 3.386378 8.5513386 3.386378 0 P 0
L 8.4686614 3.4336221 8.5513386 3.4336221 0 P 0
L 8.4686614 3.846378 8.4686614 3.8936221 0 P 0
L 8.4686614 3.846378 8.5513386 3.846378 0 P 0
L 8.4686614 3.8936221 8.5513386 3.8936221 0 P 0
L 8.4686614 4.306378 8.4686614 4.3536221 0 P 0
L 8.4686614 4.306378 8.5513386 4.306378 0 P 0
L 8.4686614 4.3536221 8.5513386 4.3536221 0 P 0
L 8.4686614 4.766378 8.4686614 4.8136221 0 P 0
L 8.4686614 4.766378 8.5513386 4.766378 0 P 0
L 8.4686614 4.8136221 8.5513386 4.8136221 0 P 0
L 8.4686614 5.226378 8.4686614 5.2736221 0 P 0
L 8.4686614 5.226378 8.5513386 5.226378 0 P 0
L 8.4686614 5.2736221 8.5513386 5.2736221 0 P 0
L 8.4686614 5.446378 8.4686614 5.4936221 0 P 0
L 8.4686614 5.446378 8.5513386 5.446378 0 P 0
L 8.4686614 5.4936221 8.5513386 5.4936221 0 P 0
L 8.4751181 1.3736614 8.4751181 1.4563386 0 P 0
L 8.4814961 1.265315 8.4814961 1.304685 1 P 0
L 8.4878741 1.3736614 8.4878741 1.4563386 0 P 0
L 8.4878741 1.3736614 8.5351182 1.3736614 0 P 0
L 8.4878741 1.4563386 8.5351182 1.4563386 0 P 0
L 8.4912992 2.03 8.5287008 2.03 1 P 0
L 8.4912992 2.49 8.5287008 2.49 1 P 0
L 8.4912992 2.95 8.5287008 2.95 1 P 0
L 8.4912992 3.41 8.5287008 3.41 1 P 0
L 8.4912992 3.87 8.5287008 3.87 1 P 0
L 8.4912992 4.33 8.5287008 4.33 1 P 0
L 8.4912992 4.79 8.5287008 4.79 1 P 0
L 8.4912992 5.25 8.5287008 5.25 1 P 0
L 8.4912992 5.47 8.5287008 5.47 1 P 0
L 8.4927953 1.415 8.5301969 1.415 1 P 0
L 8.51 2.0112992 8.51 2.0487008 1 P 0
L 8.51 2.4712992 8.51 2.5087008 1 P 0
L 8.51 2.9312992 8.51 2.9687008 1 P 0
L 8.51 3.3912992 8.51 3.4287008 1 P 0
L 8.51 3.8512992 8.51 3.8887008 1 P 0
L 8.51 4.3112992 8.51 4.3487008 1 P 0
L 8.51 4.7712992 8.51 4.8087008 1 P 0
L 8.51 5.2312992 8.51 5.2687008 1 P 0
L 8.51 5.4512992 8.51 5.4887008 1 P 0
L 8.5114961 1.3962992 8.5114961 1.4337008 1 P 0
L 8.5351182 1.3736614 8.5351182 1.4563386 0 P 0
L 8.5484253 1.2456299 8.5484253 1.3243701 0 P 0
L 8.5513386 2.006378 8.5513386 2.0536221 0 P 0
L 8.5513386 2.466378 8.5513386 2.5136221 0 P 0
L 8.5513386 2.926378 8.5513386 2.9736221 0 P 0
L 8.5513386 3.386378 8.5513386 3.4336221 0 P 0
L 8.5513386 3.846378 8.5513386 3.8936221 0 P 0
L 8.5513386 4.306378 8.5513386 4.3536221 0 P 0
L 8.5513386 4.766378 8.5513386 4.8136221 0 P 0
L 8.5513386 5.226378 8.5513386 5.2736221 0 P 0
L 8.5513386 5.446378 8.5513386 5.4936221 0 P 0
L 8.5645669 1.1606299 8.5645669 1.2393701 0 P 0
L 8.5645669 1.1606299 8.6984252 1.1606299 0 P 0
L 8.5645669 1.2393701 8.6984252 1.2393701 0 P 0
L 8.5645669 1.2456299 8.5645669 1.3243701 0 P 0
L 8.5645669 1.2456299 8.6984252 1.2456299 0 P 0
L 8.5645669 1.3243701 8.6984252 1.3243701 0 P 0
L 8.6055118 1.6446457 8.6055118 1.9753544 0 P 0
L 8.6055118 2.1046457 8.6055118 2.4353544 0 P 0
L 8.6055118 2.5646457 8.6055118 2.8953544 0 P 0
L 8.6055118 3.0246457 8.6055118 3.3553544 0 P 0
L 8.6055118 3.4846457 8.6055118 3.8153544 0 P 0
L 8.6055118 3.9446457 8.6055118 4.2753544 0 P 0
L 8.6055118 4.4046457 8.6055118 4.7353544 0 P 0
L 8.6055118 4.8646457 8.6055118 5.1953544 0 P 0
L 8.611811 1.2 8.6511811 1.2 1 P 0
L 8.611811 1.285 8.6511811 1.285 1 P 0
L 8.6314961 1.180315 8.6314961 1.219685 1 P 0
L 8.6314961 1.265315 8.6314961 1.304685 1 P 0
L 8.6984252 1.1606299 8.6984252 1.2393701 0 P 0
L 8.6984252 1.2456299 8.6984252 1.3243701 0 P 0
L 8.7968111 1.12 8.8361811 1.12 1 P 0
L 8.8164961 1.100315 8.8164961 1.139685 1 P 0
L 9.8586614 1.1963779 9.8586614 1.243622 0 P 0
L 9.8586614 1.1963779 9.9413386 1.1963779 0 P 0
L 9.8586614 1.243622 9.9413386 1.243622 0 P 0
L 9.8586614 5.3563779 9.8586614 5.403622 0 P 0
L 9.8586614 5.3563779 9.9413386 5.3563779 0 P 0
L 9.8586614 5.403622 9.9413386 5.403622 0 P 0
L 9.8812992 1.22 9.9187008 1.22 1 P 0
L 9.8812992 5.38 9.9187008 5.38 1 P 0
L 9.8862205 1.8222441 10.3137795 1.8222441 0 P 0
L 9.8862205 1.8222441 9.8862205 1.9777559 0 P 0
L 9.8862205 1.9777559 10.3137795 1.9777559 0 P 0
L 9.8862205 2.2222441 10.3137795 2.2222441 0 P 0
L 9.8862205 2.2222441 9.8862205 2.3777559 0 P 0
L 9.8862205 2.3777559 10.3137795 2.3777559 0 P 0
L 9.8862205 2.6222441 10.3137795 2.6222441 0 P 0
L 9.8862205 2.6222441 9.8862205 2.7777559 0 P 0
L 9.8862205 2.7777559 10.3137795 2.7777559 0 P 0
L 9.8862205 3.0222441 10.3137795 3.0222441 0 P 0
L 9.8862205 3.0222441 9.8862205 3.1777559 0 P 0
L 9.8862205 3.1777559 10.3137795 3.1777559 0 P 0
L 9.8862205 3.4222441 10.3137795 3.4222441 0 P 0
L 9.8862205 3.4222441 9.8862205 3.5777559 0 P 0
L 9.8862205 3.5777559 10.3137795 3.5777559 0 P 0
L 9.8862205 3.8222441 10.3137795 3.8222441 0 P 0
L 9.8862205 3.8222441 9.8862205 3.9777559 0 P 0
L 9.8862205 3.9777559 10.3137795 3.9777559 0 P 0
L 9.8862205 4.2222441 10.3137795 4.2222441 0 P 0
L 9.8862205 4.2222441 9.8862205 4.3777559 0 P 0
L 9.8862205 4.3777559 10.3137795 4.3777559 0 P 0
L 9.8862205 4.6222441 10.3137795 4.6222441 0 P 0
L 9.8862205 4.6222441 9.8862205 4.7777559 0 P 0
L 9.8862205 4.7777559 10.3137795 4.7777559 0 P 0
L 9.9 1.2012992 9.9 1.2387008 1 P 0
L 9.9 5.3612992 9.9 5.3987008 1 P 0
L 9.9413386 1.1963779 9.9413386 1.243622 0 P 0
L 9.9413386 5.3563779 9.9413386 5.403622 0 P 0
